179.52 90.01
176.39 96.00
188.40 91.25
179.92 98.41
176.62 100.00
194.37 100.00
191.93 91.62
180.02 99.22
180.17 100.00
193.67 100.00
180.05 92.75
185.87 95.84
187.57 97.76
177.56 90.73
178.91 100.00
177.34 89.32
182.05 100.00
186.24 87.60
187.58 93.82
181.89 93.43
179.94 100.00
194.63 96.26
179.64 100.00
183.09 87.53
190.47 100.00
178.93 88.23
190.69 100.00
187.96 100.00
187.73 100.00
190.04 96.90
177.57 93.71
190.09 87.96
178.03 89.78
195.50 87.51
190.64 92.34
193.79 90.43
176.39 93.81
194.76 100.00
194.68 87.58
176.52 89.95
180.39 100.00
190.33 89.85
186.95 100.00
183.98 100.00
194.94 90.65
176.49 97.67
188.76 91.59
195.19 87.86
181.85 89.78
195.21 94.76
193.04 100.00
190.81 100.00
187.19 97.24
181.79 100.00
190.03 100.00
180.29 95.26
181.68 100.00
187.79 93.73
193.56 100.00
186.13 92.47
187.98 100.00
177.07 100.00
177.27 100.00
195.25 91.62
176.04 97.38
191.23 95.21
194.28 100.00
188.28 92.70
195.80 95.39
193.70 89.51
186.67 100.00
188.93 90.16
185.71 100.00
178.13 100.00
191.91 87.61
185.48 96.54
178.37 100.00
183.23 100.00
177.51 98.96
183.55 97.54
188.20 88.44
176.93 92.40
179.30 97.22
190.36 100.00
181.80 96.92
188.79 100.00
188.62 89.65
190.06 99.38
176.07 97.96
194.36 100.00
180.41 100.00
182.32 95.41
187.17 99.55
191.48 91.13
175.96 100.00
185.68 90.23
194.90 100.00
192.85 90.29
177.70 88.46
195.70 94.08
177.45 94.62
191.10 100.00
192.35 100.00
182.80 88.91
184.20 100.00
191.35 93.49
182.55 100.00
181.02 100.00
186.35 94.06
188.90 100.00
176.75 100.00
181.78 88.29
187.91 100.00
178.94 100.00
192.49 96.08
177.01 100.00
181.37 100.00
186.11 96.35
191.95 100.00
191.34 90.60
190.81 88.16
180.43 100.00
182.35 99.57
176.20 100.00
179.80 98.90
176.16 98.18
176.59 100.00
184.11 98.63
190.85 92.68
189.79 100.00
189.09 88.61
177.23 100.00
187.72 100.00
182.68 100.00
187.37 90.79
192.83 88.39
195.94 100.00
193.27 95.62
177.77 89.29
189.21 87.84
182.56 92.50
182.11 100.00
187.17 87.58
185.23 94.42
194.46 100.00
184.85 100.00
178.33 87.89
185.36 99.43
183.91 90.50
182.87 96.49
176.12 97.75
181.36 95.51
190.57 100.00
182.28 98.54
189.27 92.30
193.28 100.00
194.63 90.71
183.98 90.53
186.43 98.29
193.86 96.10
179.31 100.00
177.77 97.60
179.74 99.70
193.26 100.00
195.39 100.00
193.15 98.91
188.67 90.23
186.40 94.07
185.01 92.98
185.43 94.33
177.86 99.18
181.94 100.00
179.04 97.17
185.64 90.80
177.01 100.00
181.07 100.00
193.55 98.79
180.66 99.67
178.08 93.56
180.86 93.24
188.91 100.00
189.01 100.00
177.25 89.84
178.45 95.90
180.32 92.25
195.01 98.26
181.35 93.92
189.70 100.00
180.04 88.37
189.91 99.79
179.31 100.00
177.30 100.00
188.58 89.18
193.35 95.59
177.61 100.00
179.96 92.83
176.73 88.28
194.49 100.00
183.10 91.31
188.32 96.70
181.06 100.00
195.68 100.00
182.29 100.00
189.15 100.00
184.17 100.00
185.43 92.38
187.42 95.72
191.81 94.60
187.87 96.54
181.19 97.29
185.58 100.00
179.98 100.00
183.07 98.79
195.89 98.12
193.26 90.81
184.16 90.57
188.85 92.84
182.41 88.64
190.69 100.00
188.34 97.86
180.82 93.24
177.81 98.45
184.95 90.62
192.52 93.14
194.93 94.37
191.82 89.78
183.52 100.00
179.51 100.00
178.31 93.86
195.70 91.59
189.56 100.00
188.24 93.98
187.87 93.40
177.66 90.90
178.14 90.12
183.64 100.00
179.99 97.99
184.51 100.00
180.42 98.30
179.40 100.00
186.86 100.00
178.84 98.77
177.70 98.79
177.30 99.90
177.67 96.96
189.38 94.57
183.70 93.95
178.60 91.15
195.60 100.00
188.31 91.40
191.27 100.00
182.09 100.00
180.74 93.09
186.08 98.34
190.66 93.46
185.26 94.08
188.04 91.97
186.52 97.64
189.24 92.53
194.82 99.74
192.15 100.00
191.13 100.00
184.79 92.87
189.07 100.00
189.34 100.00
189.92 99.09
185.09 91.83
177.10 100.00
195.75 90.84
194.08 100.00
188.90 95.05
192.87 100.00
193.44 87.99
190.56 94.07
193.72 100.00
193.12 93.59
182.92 91.74
193.41 100.00
190.16 92.76
194.46 95.98
184.13 100.00
179.93 100.00
195.34 99.45
176.10 93.92
180.28 100.00
183.16 96.65
193.64 89.07
176.77 87.67
184.95 87.44
189.15 100.00
178.63 92.08
188.53 93.18
188.49 91.60
194.44 100.00
190.50 100.00
179.86 95.71
182.49 100.00
183.11 97.60
181.44 96.08
176.49 100.00
176.17 100.00
179.68 100.00
193.12 100.00
182.66 92.21
187.75 97.97
180.95 92.73
194.76 100.00
180.24 88.41
180.53 90.94
182.40 91.25
194.98 96.12
194.71 100.00
189.50 100.00
186.57 100.00
178.64 100.00
179.79 100.00
190.67 95.54
191.83 96.15
187.76 100.00
178.07 100.00
179.73 100.00
184.14 95.79
193.56 100.00
189.38 88.79
182.02 96.09
185.42 94.53
177.89 98.92
192.74 100.00
188.57 95.06
182.34 100.00
195.53 100.00
187.42 100.00
191.71 97.40
187.68 98.26
184.26 88.32
186.05 98.08
183.29 100.00
190.22 100.00
178.40 100.00
187.67 87.63
188.18 100.00
184.49 89.27
187.09 90.97
184.53 100.00
193.57 99.43
188.41 96.25
187.06 91.43
176.03 89.45
187.32 91.56
193.70 98.76
178.48 100.00
186.22 93.45
183.89 95.18
176.67 100.00
195.35 93.48
195.74 87.88
180.95 91.35
187.70 99.84
188.91 100.00
195.17 95.81
185.22 100.00
190.90 100.00
194.03 96.74
193.17 92.22
194.70 89.90
189.33 94.61
183.08 88.41
188.59 88.90
182.74 100.00
182.23 96.66
179.12 99.85
182.24 91.21
189.88 91.74
184.02 88.05
182.15 94.18
185.05 100.00
185.78 100.00
182.69 88.34
187.50 92.08
189.80 91.84
189.35 98.06
189.12 94.97
178.75 91.38
177.13 93.87
190.72 90.69
182.23 100.00
182.97 92.29
176.78 99.33
178.51 100.00
187.71 91.52
186.28 91.66
186.51 89.93
177.68 100.00
177.87 97.09
189.57 93.95
195.70 89.68
194.27 89.06
191.16 91.73
191.13 100.00
195.90 89.16
184.73 94.90
176.36 100.00
185.56 94.17
195.28 100.00
178.02 90.41
179.57 91.62
184.56 93.82
193.57 100.00
184.56 92.97
193.85 100.00
178.45 88.92
186.39 94.99
184.86 95.13
176.44 89.24
177.44 87.73
190.74 100.00
178.79 100.00
180.27 98.75
188.31 100.00
184.36 100.00
192.70 100.00
194.46 89.73
190.45 100.00
188.94 95.07
191.84 89.83
189.35 95.42
179.21 93.43
178.66 100.00
177.41 91.25
178.62 99.03
178.92 100.00
188.12 100.00
177.37 100.00
192.45 89.36
190.29 100.00
177.37 92.85
176.13 100.00
177.84 100.00
186.78 100.00
181.84 100.00
194.16 92.74
195.65 89.63
186.29 97.60
188.47 100.00
195.76 100.00
192.67 89.35
182.71 93.30
188.91 95.00
179.29 87.71
183.55 99.88
187.75 97.46
191.68 91.88
193.50 100.00
183.52 96.46
184.56 98.76
192.23 94.46
184.67 100.00
182.61 91.26
189.43 100.00
195.23 91.11
193.23 97.27
190.16 88.42
188.45 100.00
182.84 88.93
178.06 90.33
188.72 95.79
182.26 91.99
190.77 94.76
184.33 89.87
184.19 100.00
176.62 91.08
195.59 92.35
187.44 92.22
188.46 95.90
187.63 91.08
181.14 92.00
193.42 99.53
188.66 96.21
190.86 97.53
181.45 87.79
183.53 99.35
195.80 93.44
193.08 88.97
182.84 95.28
183.26 98.27
190.50 93.69
193.50 87.66
192.82 100.00
192.87 88.84
190.32 100.00
184.81 93.67
187.48 100.00
188.34 100.00
185.54 98.78
190.71 88.03
191.08 100.00
180.56 90.94
193.27 90.96
193.14 94.51
180.36 96.61
325.75 71.28
326.73 77.54
329.64 63.82
322.29 59.80
324.71 69.33
323.49 70.64
332.90 75.97
332.80 76.29
339.29 68.95
327.84 71.10
337.74 63.41
330.60 62.80
331.30 64.77
336.22 69.50
329.59 74.51
341.66 72.61
331.71 62.28
329.18 75.28
322.96 76.41
334.19 70.59
332.60 64.42
334.20 59.08
332.04 62.68
333.50 71.89
325.86 64.98
335.56 61.41
332.63 71.84
333.50 71.22
337.35 62.71
339.20 73.52
333.20 77.06
326.17 70.20
341.06 74.43
342.05 64.94
333.35 64.00
330.92 62.48
323.54 61.40
328.17 63.77
339.09 76.23
341.13 63.44
335.55 59.42
326.68 74.69
331.59 70.55
324.86 64.67
330.75 71.68
328.86 66.26
336.47 77.51
326.07 69.45
333.85 65.91
334.27 63.63
323.07 58.76
329.94 58.58
323.91 76.80
332.73 76.11
332.85 60.44
334.07 64.21
328.56 74.20
328.54 74.30
322.73 75.86
341.26 61.58
325.54 61.87
339.72 64.61
330.75 63.19
331.86 74.96
334.44 66.80
340.91 66.14
337.04 66.80
326.27 63.51
338.36 70.93
332.91 59.17
335.86 67.22
337.37 68.96
330.78 61.87
323.26 70.32
333.57 76.88
338.55 75.44
339.17 63.34
333.37 77.01
336.41 71.77
334.28 75.75
333.79 73.11
323.01 64.91
341.58 69.05
325.98 74.00
330.45 73.73
329.94 72.62
334.26 60.08
336.75 63.48
329.63 63.53
334.34 76.89
324.26 68.05
331.07 57.96
341.08 76.17
326.33 66.67
332.87 67.90
332.59 66.89
332.46 63.53
339.92 60.44
340.93 61.88
322.65 66.78
328.11 67.96
340.24 64.74
336.97 59.09
341.36 73.48
332.15 60.16
340.05 67.74
327.36 70.37
328.72 71.41
341.68 74.37
340.46 65.73
330.40 72.91
336.10 65.36
336.09 62.19
341.55 72.11
332.72 74.40
334.50 60.43
322.84 70.91
323.79 58.76
336.24 75.20
338.41 66.52
340.59 66.71
325.39 66.92
335.70 69.01
340.05 66.33
338.52 63.96
333.48 65.80
341.01 69.83
327.43 60.06
324.73 70.49
335.75 67.37
329.83 70.02
335.73 73.65
333.47 76.76
332.58 67.34
328.90 68.00
340.98 65.71
326.81 60.35
332.10 63.99
340.15 75.17
338.35 69.20
335.67 62.97
340.26 70.89
338.00 57.72
341.40 65.52
322.29 63.30
334.59 66.38
327.07 67.64
326.25 60.52
324.12 69.01
341.80 61.99
329.35 70.39
334.91 67.75
327.07 58.33
325.89 66.62
334.22 73.61
332.14 61.54
339.75 58.29
330.35 61.23
339.60 60.91
326.85 74.98
334.85 64.21
326.68 61.70
324.96 61.50
341.19 65.33
332.99 60.46
324.83 60.92
329.16 72.38
337.92 69.92
326.82 65.47
336.07 64.01
340.44 70.62
326.98 74.73
324.38 63.26
327.95 60.88
322.66 69.64
335.00 74.98
329.10 75.33
323.11 68.08
329.95 61.69
335.16 61.75
337.71 76.82
322.86 59.43
337.48 75.85
332.35 62.01
341.65 70.23
334.86 71.46
337.02 63.59
330.07 57.95
334.57 58.84
326.80 68.74
329.90 75.75
332.90 75.41
338.40 72.68
323.86 65.08
325.26 58.59
326.29 70.34
327.12 70.64
326.98 71.13
334.48 70.32
337.63 64.92
325.16 75.61
337.96 64.57
340.91 66.06
327.68 59.49
336.03 69.78
341.46 73.72
326.31 62.17
323.87 64.05
329.81 64.71
341.92 59.70
338.32 75.93
322.36 70.23
337.00 71.54
332.49 66.35
337.54 72.14
340.56 74.28
329.72 71.51
334.01 62.96
327.57 73.32
339.21 76.84
322.21 59.81
330.85 69.62
331.46 74.44
333.42 63.31
340.91 59.71
337.45 77.18
332.28 72.42
325.22 74.99
328.50 59.28
328.40 62.22
337.85 60.26
333.01 59.55
327.20 69.86
330.67 66.52
325.81 59.25
322.69 67.55
338.84 59.07
332.37 61.94
331.34 61.66
330.53 68.52
337.38 69.98
339.56 76.66
339.92 60.62
325.77 67.76
322.85 63.39
328.81 74.87
329.43 58.05
332.48 68.27
327.20 60.65
336.69 69.96
334.16 77.14
337.54 58.48
331.06 62.64
327.95 67.31
335.99 60.64
339.39 64.35
332.17 75.27
322.58 64.48
324.88 60.76
340.89 58.65
332.27 62.53
329.28 60.36
338.61 58.94
340.30 59.79
335.48 76.73
337.03 61.44
326.02 68.50
330.40 65.03
331.91 72.51
326.47 61.19
340.76 58.72
338.40 66.46
325.79 71.57
327.79 67.20
333.59 63.31
326.49 75.49
336.44 63.96
322.48 61.00
326.56 71.60
325.55 59.37
326.37 58.44
340.32 72.31
323.57 68.62
340.42 58.67
322.68 60.20
338.52 66.78
334.65 66.18
326.09 73.22
336.61 69.75
339.65 73.65
328.68 71.66
338.62 63.48
329.48 59.86
322.37 67.09
338.73 59.91
330.80 63.40
341.18 69.97
341.04 68.53
331.60 58.88
335.40 77.50
325.89 74.26
326.11 70.36
331.56 62.22
330.99 74.29
330.29 64.41
328.47 72.63
332.77 61.28
324.78 67.98
325.84 60.59
334.98 66.97
329.07 64.96
329.65 65.62
324.56 62.08
335.88 68.60
327.45 72.03
326.15 58.14
337.51 70.21
333.37 58.95
323.95 75.33
341.89 60.60
333.83 68.50
325.39 76.04
333.29 64.11
327.57 70.38
337.40 65.44
322.32 61.54
341.87 58.22
329.39 73.70
333.39 58.20
338.49 65.81
326.56 71.38
325.11 63.68
338.34 70.02
330.57 60.05
323.28 58.17
339.32 57.87
336.56 68.80
336.19 74.83
334.42 72.56
328.23 75.84
330.44 59.11
336.02 71.54
337.04 64.06
337.84 74.11
341.85 61.35
336.19 71.87
324.11 67.98
328.84 60.48
324.93 66.24
325.59 70.63
334.45 61.70
342.05 66.42
329.92 76.85
335.84 59.03
337.79 73.38
324.82 72.52
323.09 75.04
332.02 60.52
325.78 58.15
326.11 71.64
337.25 65.21
327.26 75.26
336.34 71.47
324.24 57.94
336.31 60.00
326.48 75.43
330.92 63.62
334.69 73.92
340.99 74.47
322.44 69.52
324.18 63.42
330.49 72.89
330.10 76.46
322.74 63.54
341.16 73.37
332.40 69.86
337.91 65.13
339.39 76.16
334.13 64.87
325.06 70.57
335.09 63.16
336.16 66.87
327.54 73.46
333.62 66.52
331.31 69.78
328.13 59.19
339.13 77.45
339.14 67.09
324.20 59.41
336.67 70.71
328.24 72.38
334.25 58.97
339.40 61.28
324.20 63.69
334.80 59.04
332.26 64.99
341.31 75.88
328.97 62.53
323.48 58.19
338.19 66.48
329.79 66.87
341.15 61.28
336.16 74.80
330.18 61.73
336.06 64.97
340.86 77.51
328.36 61.98
339.17 61.92
332.90 75.70
339.25 59.74
339.86 60.59
335.77 75.87
339.65 68.24
331.22 68.05
341.58 66.55
334.94 67.61
325.18 65.36
323.98 73.54
325.65 75.34
341.12 72.59
337.49 76.32
324.07 60.48
338.70 58.94
338.95 57.65
325.61 64.27
338.43 61.08
322.64 68.63
331.44 67.66
327.73 63.01
328.21 74.40
341.20 73.68
338.30 66.71
338.61 65.23
325.47 58.24
328.88 70.62
325.86 62.27
326.11 74.60
330.10 68.02
338.59 65.19
322.90 66.78
332.52 62.73
341.45 73.52
341.41 72.05
331.43 59.72
334.74 68.70
326.18 77.03
326.39 61.52
333.71 57.85
330.83 59.78
324.28 64.37
324.40 74.03
330.27 67.59
331.62 68.79
331.09 60.15
337.20 76.89
328.11 76.94
336.07 67.51
334.87 65.17
337.78 70.80
327.45 66.73
323.35 61.46
323.68 67.84
337.68 73.26
339.51 71.00
341.84 60.73
327.31 71.01
330.70 71.15
322.14 65.87
326.60 61.04
328.32 74.36
338.10 59.51
332.95 58.48
332.79 67.47
339.25 73.80
322.59 76.41
336.03 68.86
326.95 57.83
336.12 73.49
326.51 75.49
341.82 69.54
336.07 76.07
337.66 59.70
331.75 67.78
327.55 60.24
327.02 63.97
325.71 69.86
340.44 64.34
330.93 67.78
331.76 66.14
323.40 64.98
340.77 58.48
340.49 64.12
329.39 58.82
337.22 62.87
334.53 68.33
333.68 64.20
327.29 66.80
330.25 66.09
322.96 62.01
326.30 69.47
