13442
37036
56639
43495
74770
6840
71266
58465
48479
57720
75824
66171
40904
15977
18379
55080
36561
66256
30813
61992
76027
15104
67034
32573
42728
34454
19625
39536
40783
49972
48109
76748
61688
39996
73618
10942
21444
25902
43098
61469
51745
49117
18772
11076
45841
62131
60021
59501
52012
27962
34363
5739
3106
13288
64643
37245
71323
16391
20734
53298
59639
37320
56040
57012
41200
61344
4891
36124
23523
59362
24037
72963
45564
20647
4085
41372
4035
74095
77809
5745
43004
23114
55478
69794
4000
76733
45973
66484
60435
34808
44612
51103
17923
36790
13584
60516
3482
19669
68347
71748
78482
55496
62356
18562
46802
12987
6659
41106
13102
16516
77065
29787
58342
18124
10116
72113
3336
36567
9671
35584
18917
57596
23042
52898
48278
3431
57610
21329
13930
11848
44098
42190
10347
41688
3255
7824
50934
29953
45780
65717
76642
29068
29466
38112
15575
64816
64562
73035
25316
78246
3623
58564
33431
26887
35099
36408
51321
33767
24913
58643
36367
8041
25628
42004
34865
12461
15822
9060
72770
47539
15830
26706
54908
57570
36649
50951
36520
45147
3221
63735
57555
11258
26625
30389
31137
13740
27209
18094
62264
34963
13717
40036
28848
68427
12009
76310
18059
63692
29640
49908
7463
66433
2145
72879
36140
78008
1038
40606
60386
32225
44521
76939
37151
43826
19968
28270
79361
14985
71796
56272
7095
78014
16179
23129
34092
19803
9864
67162
69586
17711
25405
36629
58903
49944
17680
68578
46170
21378
41889
32092
44523
56230
1712
47915
2746
26963
25189
72161
57060
21059
14934
25440
4888
37406
69873
79923
13402
21260
23675
63962
39484
29267
4075
14603
3732
63743
27704
47567
28257
20298
19291
24661
33937
62063
12635
53679
15265
72824
71345
61117
76105
48294
29480
9811
50070
30560
78953
56053
78000
61733
75664
72039
18820
2235
69562
77299
72729
54827
32016
37291
25574
14548
57961
26393
35887
40919
9991
17847
48426
23761
7027
44170
55754
73013
62383
10207
12864
68021
28140
6211
79973
60517
50248
70140
54760
75280
33611
23586
5398
62888
35518
16016
33651
44110
9770
71461
56541
19060
32653
33524
51439
51626
59476
2193
48430
66849
75440
51976
74240
27126
12688
7204
8553
41048
75251
21147
61699
77513
2852
41968
18327
35982
31609
52294
45518
33458
32524
37088
47734
21727
53901
48051
2289
15536
41202
53888
54033
11124
14545
13929
75733
74700
4832
30075
65223
50862
78207
33986
76691
33632
36728
39799
63938
71327
25772
11227
3241
7111
18285
38364
32364
65395
35696
50010
52577
20414
42945
51154
11708
71652
9793
24423
72111
29320
59346
68265
25598
63572
73619
70327
3447
77075
47627
25357
52051
79141
15161
55180
27245
78799
13003
57287
10055
12355
21616
49552
3498
68066
43196
56259
32889
26821
2622
24734
67941
59176
32208
49355
13228
32408
29356
24928
46854
36339
46524
72310
6360
14375
47943
49018
7486
54920
79240
65796
46942
75834
48898
3374
71622
22064
76249
72195
69274
53852
55072
78384
33210
45267
46180
38879
9054
25851
10604
53587
43080
15888
58242
41688
44589
62311
16845
12827
58464
6644
21324
51616
23952
73856
3767
72581
59391
60383
45879
13757
44807
9124
38636
58395
60674
25864
31118
69363
67238
13355
19001
75672
62424
23964
73769
23715
74390
74961
55072
12579
43055
46706
40498
1780
5391
8605
53339
13126
53245
18518
59016
21988
55536
69383
45481
4683
18319
56585
29202
5304
65461
27716
5543
9095
30332
43557
45940
43608
73255
35571
39596
24934
19950
2164
11554
30590
12027
18373
14536
18085
78339
74153
42748
16423
26048
50281
57481
32283
7514
65521
30158
25098
14196
42415
48266
61191
39425
19907
37872
57182
11104
65153
67687
62199
8969
67604
2661
67688
40769
2241
28536
48016
68207
56000
44771
16116
58488
15071
24334
49451
63152
68385
27181
79236
12235
14695
2210
46653
10610
34121
65003
15721
2631
37912
6672
16913
23452
66329
60805
17587
46164
19567
22854
54863
57648
47908
39207
56198
3619
17743
47947
77516
47931
63960
46372
79238
47762
47547
73951
63858
50801
22828
1556
20302
40659
60401
47218
74155
29536
19705
35041
9767
66302
4671
20521
50909
51216
7899
68258
56715
10802
25017
16818
48796
32306
4810
52041
27718
17081
10975
70867
46963
42797
57233
67151
28381
57926
44753
47910
63427
61116
78741
43213
62214
75062
79906
15756
26720
25780
30263
35699
71505
71783
75006
28963
58105
48039
59747
69294
62491
73075
29412
59705
50094
16080
68419
62693
62303
71151
62314
59823
53432
58282
73427
45825
56596
71104
4194
78138
23752
31658
10250
71817
74192
5711
6046
25701
70320
32685
34500
47363
36940
7035
46683
46273
66520
79235
76139
25957
16030
10159
34877
62220
25132
26845
7599
63483
32792
64687
50319
29920
59657
47566
57412
38635
57963
41310
39162
20828
23798
29039
53171
28357
51672
6706
8345
8459
41766
15066
38340
48815
40863
10526
77302
41000
11001
9979
39142
10264
49175
28536
35539
14160
47839
61008
50107
47545
47796
68831
28402
68481
7709
26056
18168
11035
11703
39348
38172
35816
2565
45599
40685
44622
73139
65430
31243
11246
56156
54993
47879
17467
32287
12455
11392
31571
4915
16228
48748
29142
38353
54092
72000
69063
65111
12049
68649
46047
72192
63733
5256
49465
32410
73777
34144
42398
45122
33885
48882
75692
28737
65411
77475
54334
58076
42143
5607
17921
77082
24276
32797
7986
61532
69805
46622
47691
69169
48932
10378
33775
8602
11536
24309
5842
72737
74448
35231
49793
38743
6547
46307
6789
15816
25827
59657
52931
69185
7371
11054
1370
34665
12570
66656
67386
46773
31742
60970
9419
71985
16247
39640
61898
71968
65341
55005
28102
32892
1754
54202
12802
51191
67723
33349
31846
10519
47018
60552
62289
30852
53183
26454
41464
30300
5847
68722
47199
4203
44659
17253
1134
29954
8087
58181
45125
58111
34887
8296
2804
16247
61696
61558
17387
57277
12041
20295
10934
73428
56944
59179
28253
45365
37311
61357
39638
35929
58308
22682
20142
29691
19999
33417
74365
29043
58146
74039
61542
46976
68073
54406
62804
12937
42035
14583
8452
3290
52479
25366
73878
46197
72750
32286
28247
68621
8500
68567
68055
76200
6241
58495
69908
17614
39483
17878
76698
54383
62095
58642
60070
3336
32096
61632
43275
23137
5324
34160
72823
18489
56397
79377
62752
21469
61869
53971
69045
16822
42934
39322
60845
13467
23301
32362
46695
10268
60261
28619
13392
50948
2750
68542
62998
1365
43629
38670
65354
74764
5251
13726
36585
2483
34474
36465
56528
44202
25665
55796
58141
26852
48895
77258
45447
24576
17358
49077
35533
71416
42171
57376
22547
71337
44869
23293
46110
4228
18781
55307
42458
76705
39584
70235
19010
70018
71076
55901
61007
42761
15133
48683
49668
18251
69630
53266
5021
2476
6585
13164
53572
66498
70502
11285
32254
71487
70947
17455
57759
75408
11148
76226
23007
60268
30014
7486
12199
35633
3593
2393
51922
20499
43257
56883
47301
55969
37205
21560
2054
60917
69480
55548
16591
55811
24434
42240
4958
25877
20386
20541
52449
38151
38617
47429
32500
8789
24498
49284
16014
46086
55052
45326
4078
18168
14094
5537
62388
77943
68378
40313
65005
14302
72993
69352
66415
3582
58628
23782
27291
24306
70401
34252
32917
65612
52616
65563
23920
22278
29191
78161
70750
46711
11498
20708
19302
65516
22133
65089
73594
63444
45438
31414
15533
15686
45976
18644
71761
40503
50884
62424
34777
8382
65661
63115
57012
21681
26481
50142
59115
20081
67211
19080
20895
73388
56563
42405
17214
69432
60819
39948
16539
55751
60946
70783
55167
46633
25079
19377
25067
4655
1236
17953
4400
54944
60386
42685
35215
22692
20097
39007
38874
30924
27564
20883
45981
4535
31980
60557
26259
36443
9745
78091
31512
2856
68008
35601
7955
52213
58901
30076
73177
57788
56646
15966
58848
64041
37612
9875
11116
36492
44929
16530
40916
63681
4981
31926
37630
65845
24901
35113
54780
57107
16547
73355
43489
68941
76119
43104
19945
24725
40192
69162
17937
39862
79915
42874
73355
37814
72139
61132
69626
53106
45412
66668
5095
12306
6112
16821
76268
42684
44802
58492
61941
38828
39156
21590
12774
67390
57769
79727
60933
30216
23898
2775
38753
45648
67143
9443
74680
20463
29974
11185
24959
79450
55748
3156
69654
28559
65102
2306
44179
44255
16906
78078
8790
60871
36217
52370
28200
73683
20869
14425
58559
40165
34316
74858
8539
70408
76535
15573
1772
42071
10809
17623
1232
3118
13500
4967
54065
18372
79073
59801
1102
35718
53067
73373
32648
25859
63956
5381
51428
56616
79257
32755
30038
29354
4257
62044
27480
71963
19592
70383
57558
17481
1730
71510
42101
6904
37425
25761
51783
19852
49593
74576
40815
14449
44460
78939
77501
53321
67736
75004
40097
12272
14610
56525
60409
17341
60637
44060
16589
77056
43671
62880
15201
76561
2996
31118
38712
32128
73651
52122
44861
29335
78810
14759
38778
21611
13327
50817
9937
76279
64529
34005
8751
42075
60122
21536
18251
39086
3822
44903
35117
30159
36563
9766
61588
60470
70797
46267
11280
27976
71003
69507
1066
66310
64935
70307
12799
25112
7309
64964
73221
71960
44291
54087
17849
24417
56376
39476
28374
70765
44863
62664
13425
12437
50217
56361
27920
4806
51289
52195
16558
34979
46071
58982
39313
64714
66289
8172
59131
59631
60977
53021
53567
17385
10639
55897
57796
73060
11123
56608
7742
12498
21621
40519
49683
25952
51035
26380
8735
34044
3943
8557
62419
53319
13958
19088
17973
37295
72808
42232
59289
35358
23919
79747
36746
15828
48854
62488
11991
49844
50428
3543
46328
37513
36391
75995
54917
15976
29790
15016
18441
22712
53058
15244
52356
13812
62457
26852
53294
48553
2891
73624
64564
29981
30291
19104
29673
56521
65400
14255
46695
15632
54524
51384
43680
72166
58034
61685
3857
2997
61469
3636
52086
5656
34102
46873
69227
55271
19135
28579
66749
50979
40174
12859
73390
53778
12516
36135
21178
66750
24423
42233
44785
4893
79442
57832
36092
69837
24755
78943
13773
37107
46600
42914
52999
73313
71610
43190
47445
11050
54579
27762
61673
72585
29494
19299
74536
24674
64921
35132
63948
29104
57502
7273
33304
76595
51392
3928
29549
27560
18879
34638
58364
65015
69800
60349
15174
68241
41660
55882
6130
18485
77871
43191
51193
50530
44218
65054
79706
30146
8118
5228
73104
25324
70808
33010
19056
52643
71024
31307
61140
6299
36841
36992
2499
54866
15365
20898
38555
59869
73276
23930
40286
79617
9294
24653
13790
52308
62419
13999
16962
27748
16018
3214
38535
2441
23667
37277
49133
24538
77804
46589
53270
36501
45063
16677
25012
18881
30418
45294
10564
40725
33971
60295
71385
33281
46592
75287
20417
3928
44342
1770
76981
76903
23055
53551
48089
2890
58569
63721
76173
34454
33866
43910
55188
18182
9954
57268
74892
14421
52921
63179
38966
12728
57147
28311
41467
22787
32772
12604
64989
62467
54954
38000
28835
11440
44341
66167
60668
65475
8679
36493
62997
19524
43896
47663
72619
18462
5361
39100
8980
69239
54468
52943
34448
42665
74147
73278
15816
60509
20884
39220
22695
13121
42148
35909
6671
70306
63271
70945
70470
51976
48201
55224
50416
7172
35487
48851
20605
37616
63790
15608
28750
45283
18923
1388
37904
30014
60561
56175
15350
63395
49936
21915
39974
55909
12600
16814
58962
15177
72593
28500
12495
51983
67091
66053
52700
61463
16631
8885
20670
24163
8832
40893
16641
27395
10462
45424
37071
6391
65695
62747
69861
69642
55182
58142
4863
36517
38439
71924
61424
64667
65897
59805
75887
33714
1442
34134
38958
64886
45208
45025
58368
46789
29109
36233
72639
77125
48898
56970
4651
44410
66930
43523
13607
50159
19067
40403
33039
43492
72975
69640
37277
47146
51389
9180
28993
6565
49569
6773
56729
29846
72250
23766
72503
13412
45432
18890
45545
78531
37749
75871
56367
53585
43236
57107
30097
8229
73228
73708
23823
79244
35239
11857
71773
76596
65751
55461
52805
60747
65476
60633
1015
57917
47615
69197
2998
31621
36513
1075
68986
70682
25341
66450
49144
37818
19256
78874
32760
49560
41028
51394
25285
1258
10951
6820
44611
28014
42246
54650
40728
28838
6709
63240
24038
44614
24997
56355
6758
59712
26112
15806
66553
39543
27259
50625
15997
51726
25091
47983
24793
59806
15149
26290
11818
36766
30061
54505
67052
35513
72510
18165
56813
37692
32870
39708
25977
56458
71536
41382
68076
74942
7144
7225
24026
73491
36518
49800
64684
69271
24762
60390
66326
12936
19877
72438
14464
43495
21323
55459
20263
54283
31652
34559
75479
42427
6859
58534
73530
45189
18560
28481
20895
26417
47307
62805
43289
24473
64572
2736
11004
63801
30012
12242
79833
18500
68039
40941
31878
51645
78905
35199
15259
15610
15979
4075
49596
59124
22407
44081
24395
79186
73114
13611
49452
48137
25531
10235
42582
58937
57876
42133
17015
33693
16009
54447
76516
52350
44923
52169
8155
74076
74512
42140
40564
19528
16166
18416
6047
35144
35050
62685
45503
50035
54922
36477
47461
76049
46781
34811
31091
43913
37537
36951
72434
25642
64256
30426
22381
44886
77801
63721
10198
20514
71875
69128
43346
16209
2219
13133
4136
53466
68563
67157
4168
72076
55984
62210
24354
28483
52050
77566
63447
70676
2872
41100
64473
63310
1523
61652
5421
5997
6677
15778
45521
18852
48118
30534
76372
6979
74727
71082
77135
61517
1595
50958
70591
22873
25246
74036
62845
50877
57920
66726
48500
32296
41547
23820
4735
56562
33334
30084
48884
54127
25411
16975
15520
8925
53915
23152
24724
70557
30512
9303
29477
65706
46675
51300
29169
29014
37317
15784
27287
35675
62720
52772
24538
57108
78368
13756
11276
30342
53385
30388
6160
5484
74139
24370
9535
30815
59591
14904
67869
49645
72655
30215
20852
73504
58653
64650
1399
50114
53530
54740
45892
45535
1363
7170
49245
12537
68264
40647
15489
43372
35126
58432
1523
46060
55159
35268
65328
28915
46078
45586
15024
25980
49166
20884
56041
10956
73952
29716
44318
46621
68945
11390
27705
21813
56929
42381
66071
11476
35122
75695
42316
44529
12309
30868
35702
18540
16693
52569
63807
28510
61807
3442
26621
57426
57051
30051
34887
66560
7626
5455
28475
27482
75562
15356
45474
53208
12032
68562
65349
78559
60536
51742
48551
1128
13020
31648
23588
59945
32973
68929
33299
14594
41013
5312
56705
41056
34270
22530
8017
25334
8705
15687
9194
70413
52649
38941
25967
59656
11259
58642
2673
45833
42083
79404
14418
9629
22716
43811
22276
74983
49487
29858
33835
60681
33288
2578
32495
45978
62716
68949
63246
67694
59451
6167
11876
54920
72081
50833
34324
69950
7822
79913
22757
62717
6667
65647
76118
4396
71183
66949
21089
13747
24387
46059
12093
8403
79561
7132
47512
51251
77627
67994
54934
15570
31902
6697
32186
46302
76713
11018
64442
37145
13770
74079
8806
73982
7678
37875
48744
40576
77414
26365
5183
12242
52703
1540
6433
46355
78899
49156
43556
58465
30554
54665
70587
42604
74889
24101
42456
12900
61428
4248
74390
13341
3886
22187
21057
10755
16887
29132
42179
56087
9346
64276
28858
60842
10880
38971
77554
74861
57215
45591
11161
31688
52342
65615
33251
18856
36912
22132
16125
35810
46347
38362
60289
19619
4345
50438
25103
77088
47149
62464
17875
22987
47770
57732
42642
31305
79317
40740
16389
20694
44115
45170
79474
38639
28616
8458
31075
3760
7276
17463
56781
69798
24222
63802
40176
55149
40067
12577
78536
65171
76880
65579
43694
23513
12647
1963
11307
38890
72734
2264
70043
12417
61030
54867
23694
65329
16911
71003
28163
30412
60747
16830
35703
27649
19810
25291
40343
5257
14887
10584
16159
2859
39208
17990
8381
5533
8365
49725
68138
57439
72931
42215
56302
34767
71562
9651
32228
48552
53304
22883
23355
17527
61860
68428
75107
3745
8038
79121
31213
29331
3851
16174
46306
30614
67265
36875
73005
72926
72111
61026
37967
73083
46254
2769
22145
12579
2923
25473
46872
72931
59346
30313
10723
68156
8383
46043
47001
35874
24914
4204
23635
64647
64176
63632
72639
37221
12197
54208
17139
16735
21991
6411
10560
50433
31679
36382
15715
3458
16215
16278
72958
17417
19963
59386
30961
16647
78850
29048
34932
19250
28567
25203
5961
70147
74674
1091
70795
25986
6138
9730
60810
18327
65827
56894
72198
39933
74135
19656
34115
40411
76746
54284
77413
5046
33167
70885
64886
33333
45757
18568
16101
6075
28466
15871
42573
39484
10747
21730
27030
37277
22916
51329
10418
41966
63134
27486
35102
46527
20506
58818
7750
71473
20996
42773
53167
42160
77736
49728
73039
7655
57035
10110
16189
28919
24839
41293
43754
27960
62234
72391
36917
31177
57369
61619
62944
16353
29791
6515
27853
79841
3382
77643
75880
47507
12270
12118
43245
73464
14701
14713
69365
37124
20787
33416
51354
35069
10178
22241
59071
45785
34752
20663
73120
36606
25481
3686
39373
1116
19698
26553
16149
55309
23864
12950
28031
4833
2035
76581
75425
57078
23870
28995
33481
1165
2902
61223
29558
34607
56128
17084
65264
72273
67659
78743
42844
61495
74462
25227
1098
35727
59832
2986
8966
52525
63593
50392
29111
50745
64713
27838
36809
35943
76232
51917
35566
1546
78811
46050
30706
44427
70801
8498
28827
69273
15127
43628
33509
32921
31206
78645
75733
22107
74738
52923
27939
14687
29391
60182
35070
40223
52138
23884
71962
50362
69268
5690
69512
27915
23009
60327
56767
53599
75258
38991
1765
35953
41861
53720
18879
3496
25853
77100
38038
61027
5504
46779
47086
8880
1839
22092
63712
30309
74552
32193
43607
63432
44614
65272
1879
55629
73202
6675
77351
36908
46167
44911
25736
68281
59297
32566
10434
51155
43459
53064
29129
34468
35359
20736
21914
73914
23708
23615
22235
60438
59140
8789
62429
9404
69600
51868
58145
52238
34999
66642
18300
61794
79354
4937
35544
28259
24583
39573
35552
39521
75127
14021
55035
38733
24214
37879
50455
41080
68907
10096
38089
67621
75468
17129
45701
63825
66625
41323
5652
49723
37989
5465
6087
27246
33773
38963
14258
46781
69681
29663
77375
62687
19276
79355
8643
34099
60403
67984
70151
72974
69009
50750
44889
46479
19937
33580
52810
58690
61228
63231
30276
18762
1863
62652
37648
52316
44465
17733
33221
76465
69513
48517
8954
4508
10407
27226
7362
61707
40718
48597
60963
3341
72574
9164
24398
7609
32065
40772
21701
34598
51937
24183
5366
22615
11594
34473
50622
23366
33238
59514
57940
59704
49046
2303
52875
44428
17377
62404
63127
31567
61406
59000
34738
60819
70273
51799
46767
2443
12832
1777
40309
33327
8791
42475
54958
18163
65884
47375
79647
77290
75602
24308
18331
7192
21767
43871
64319
37940
76973
14688
15990
1351
47288
32444
1553
25801
14252
36701
51758
39500
31826
18683
32202
26079
34999
33286
23529
8096
34482
36178
18140
4951
30863
79934
77906
69273
2739
29105
29287
9647
18651
79070
1799
8260
31470
75771
68525
31183
76382
24477
14225
60700
27611
61879
30478
78979
79900
28544
54757
70913
59701
3555
51899
20861
27554
38805
78196
10662
52378
15179
42942
30615
63532
60089
70664
25857
1647
56622
27389
63696
12680
65669
21893
65366
50562
32831
27632
51370
27847
51990
37810
31092
46995
58792
37257
73482
42670
50123
17060
36020
64650
30650
14643
5190
30154
38484
64008
3633
17257
19114
37755
15890
31936
60464
36903
58400
26229
43564
21585
43805
64344
44569
8180
69200
63554
28218
3851
6642
45943
40069
48934
32839
62089
37688
67543
13512
53982
58277
47816
14277
21346
69853
4471
8852
18332
4137
73849
77890
76939
31456
60581
75983
3144
10492
33599
24451
25980
61307
74546
5791
20617
26768
29998
33443
61956
53067
37584
76351
75147
47570
72293
3579
16470
49322
1236
33539
71852
15903
71808
75794
70909
26276
74961
25174
10429
8826
17263
47459
28690
39916
30809
16929
55557
46917
14893
3512
53387
31512
22711
35326
6513
18313
60483
53241
11860
72962
58817
28780
61695
41860
58205
16357
47848
48431
32147
14809
11175
19350
50205
15862
42894
49834
55152
44913
2009
10545
22928
10556
19444
67865
14619
55581
75673
27928
36653
71421
1430
38840
32735
64041
48790
35603
73471
5010
12675
78219
2143
23275
38995
5132
6351
78830
33055
71638
6966
68139
71775
11736
27010
30781
26552
61427
33606
2919
28006
1213
42382
18311
77414
53807
4049
74172
41911
4670
13557
36647
7408
4422
54380
25172
12326
53112
34056
23782
17118
2042
17779
18259
57187
15477
69135
37748
24991
78528
63604
35501
44791
59519
17863
77247
40721
68204
50136
13008
37032
21435
76609
15990
42375
35306
62653
66441
21440
36354
46920
60258
21909
27554
17986
29752
78324
30038
40160
71275
63142
66077
60595
12099
67200
25052
70861
29095
71555
2156
45965
37483
57148
5560
16318
74846
22256
31193
45481
74646
15716
4073
61748
10319
26804
41894
51999
73235
26786
23963
68228
30123
43456
54850
58382
21035
29393
21813
35320
25838
50333
60717
66862
14528
38705
32140
50764
50234
40421
25891
56090
64157
17121
25641
65745
6656
17436
71359
49430
61819
72874
21605
3643
60377
31797
27500
72866
14615
23809
5033
40499
67885
68119
19854
55290
24939
33808
30643
26148
36678
61797
53365
43656
48826
26094
16812
42761
42829
74552
46857
41717
43621
21986
10111
47801
62757
26385
58481
1148
18312
79940
11633
3500
38694
9017
59866
73659
54639
50688
28905
77716
15397
52894
28564
31664
12338
22086
44455
58845
69653
43717
74895
74603
30587
73869
77601
73756
41565
8181
70444
63977
5634
69605
58530
39224
32043
16594
3644
1139
73656
55375
16808
54773
14768
14693
34951
14657
45848
2297
62079
71459
16949
79320
28930
10701
14266
64844
66993
54955
16736
32380
27288
45497
51102
60678
72846
40832
29248
61557
15783
22752
1546
38110
42265
11620
62175
78014
74792
66642
77330
54629
25283
58923
4493
7449
78645
50571
38075
60767
27895
47194
7031
43103
54907
12713
49784
18013
10518
23235
54087
50081
24793
42358
73490
50444
78170
61399
77478
44839
38490
44338
6343
19936
6873
58468
39733
75453
65893
65631
51569
33227
5849
26932
36856
36826
18252
1867
53672
73269
74795
42956
59337
22162
58347
60064
12045
28191
36065
37431
42228
73675
44068
8369
68781
41435
6823
57532
4491
21273
73574
33790
22567
30335
13135
46802
32951
49959
39419
4360
20076
44916
12453
53911
41186
59849
63231
29616
55724
64373
60190
15528
59284
51792
28232
20304
35676
25890
5386
61726
72813
28787
45320
25838
38677
26588
18647
47857
56789
25607
61282
46951
73025
22331
64582
78935
70467
4455
48434
7067
60050
10325
10574
59715
24180
76135
65336
26945
32648
26681
1601
60857
60893
66276
50115
26058
55658
66846
68035
20310
60631
42511
14253
64795
73819
25297
79671
68406
19473
22204
45283
33826
2583
74883
6185
25682
48861
38921
57343
48467
1939
78644
13797
1981
35344
78533
22335
6828
55238
26400
48134
73565
1846
52025
20564
66844
46814
24994
12409
30648
68448
21326
51309
43162
7476
9990
77461
1525
48581
39304
3092
44994
41401
51505
61421
13702
71353
66643
12080
32224
64328
55333
29568
20822
18483
15787
71369
11332
21189
31188
51507
25071
12157
73035
44364
76540
69865
75239
28220
71458
3323
24601
65929
49332
22859
68386
72538
70771
74125
48349
29421
2701
4269
35843
44200
4989
1433
53183
72436
48797
47021
52241
35492
10958
68365
41468
6056
8466
14927
26657
31464
40318
47560
29587
22559
42679
70535
21901
4847
10246
21429
75470
10751
18321
32564
58398
48075
5144
63621
12070
9699
72050
3221
38781
41869
73135
7099
34893
20183
31892
47132
72971
70725
35869
38709
78847
50083
50447
35526
60681
49999
51196
72894
16401
28833
78261
43433
30025
76761
76938
51193
68852
8826
31627
60708
7222
79752
37074
29818
77740
15454
45174
70294
63188
21941
7802
41293
3115
40202
64751
31752
42352
30747
49341
10927
76905
23533
2818
16163
58796
31959
15878
70806
63750
14168
46084
63525
6663
76139
46596
15871
51680
61195
33505
14432
30009
73216
40387
67810
53738
19098
22631
17042
48398
27221
4219
3617
65090
67945
39104
20604
69158
44961
38081
67979
35309
14676
6385
36666
12654
37243
38897
21900
15323
66094
47889
12563
69267
49075
39111
44630
68453
61348
24147
62313
50836
31541
54613
46223
1850
64912
60512
77701
78839
28527
8298
50623
28102
51165
11677
13469
2882
65356
35565
3060
55062
25368
62724
42015
60857
24439
72645
69810
16438
15026
59498
22186
11734
53895
35255
65247
46491
2544
20574
56047
64357
74993
47161
44130
58346
65570
27924
46468
60203
1006
34245
77045
6961
66191
66725
62055
22243
8289
16447
4381
61435
32452
7760
57816
1234
11461
73530
68325
13762
38135
75805
37482
38282
21859
56682
55342
19590
77259
18001
13696
45158
28609
38653
46558
53417
78510
67971
11784
36239
5653
28477
40511
43501
29417
29530
70692
35956
78922
3858
69700
75990
74635
71780
31734
61291
39094
17849
58185
61923
38176
19968
58338
2276
56515
25325
74994
36301
3317
63468
26805
21434
36828
68506
34592
5092
51988
63735
18971
35336
79790
63434
16684
37524
56783
68652
3399
7593
30643
37260
59706
77851
29051
70809
70622
29157
32107
77972
30911
26988
22751
55464
79372
53202
29229
33701
38712
64389
22045
40442
68835
1728
17911
11274
11154
56934
12931
72057
2345
9387
30964
27762
12463
12903
15384
60216
37291
40374
23564
3193
12529
18678
30599
75286
62190
73458
25579
70227
19441
17484
52659
73854
37029
8123
66156
14051
57980
68299
5311
65903
28552
12960
56115
49248
22638
16270
33146
38894
38472
23137
38216
38999
78250
69640
56090
4762
24622
5363
28103
59088
78575
65541
20435
34799
15607
8456
53139
33443
44724
77986
64281
41180
53797
53267
79929
73887
25397
12226
69475
58137
55392
23094
26255
69210
71510
52594
51534
17580
60369
71972
7304
14145
42777
69049
66589
17050
52622
5437
79499
60574
74551
32683
2369
48131
46067
45398
31635
9561
15904
43735
48501
11906
24699
55597
27371
33931
29523
71048
11642
65775
18296
77369
30552
68051
61048
36600
36351
31713
39654
45890
12912
79943
57031
78713
2048
24674
14281
52978
21148
76590
76709
55314
41661
45713
15444
15834
45893
71596
63638
19382
42109
33293
22429
62264
23841
41155
3082
19484
59304
77619
45663
13871
25578
21898
70924
49188
15654
64605
34658
60354
77929
60967
1435
48420
71176
28616
76665
29271
31659
20693
57785
20834
38112
61457
57779
51892
24586
60418
56193
53471
56647
72970
34905
24279
46701
69920
26873
22815
44950
28702
46303
20960
74248
36921
31858
38863
67822
60106
10513
11750
24819
1134
10065
25710
33172
4687
67048
6435
30198
76611
12299
22981
42192
33982
52716
60818
56545
44781
51890
54727
55105
48895
49006
24445
71316
33992
72303
33850
67221
23968
30706
18869
55865
35108
64195
37935
52887
14606
10941
31068
52693
13673
20989
56284
23120
33091
77222
31442
75914
28589
29762
44030
59495
15815
14125
40901
56916
27820
32297
50128
32859
44817
16734
34467
14983
42480
1668
53221
20456
35643
51276
9551
32444
63727
21387
32047
8106
70647
27062
48892
46069
17559
6107
3834
4158
60577
14395
75344
30128
8991
14131
54413
26400
49986
67362
67052
38674
25410
49919
26575
39904
27353
5670
48040
9479
70750
4578
43424
56873
16479
49041
40776
65073
63024
40358
76644
46825
55768
45893
10692
29102
71195
52513
65242
51067
10546
37827
9829
55762
37960
46259
27855
65267
35337
78766
37849
73743
11492
48501
41627
66148
4064
2024
33706
51076
36787
47056
54339
55897
43385
22112
2061
7233
9626
21719
68959
8790
48074
36279
31312
79601
36975
76176
9048
26497
68344
77068
14685
16768
14982
22942
57640
22138
48378
13917
32155
31463
3059
12445
13730
17403
5998
38119
41364
63875
63130
50820
17297
5843
24507
7714
44656
17494
21630
75303
57196
69225
29692
74381
67564
78198
9967
20453
7074
53334
57488
13813
64881
55282
10494
17642
41738
5935
35876
35991
54099
62604
19483
7846
63971
45675
38029
64159
19255
12166
15158
43036
28417
51360
61656
72073
30620
62132
61130
32552
79874
10975
74465
54574
26722
28519
38793
74260
73222
19852
65975
72852
24019
3018
35808
65198
10178
51156
1102
23940
8843
4233
73361
64782
30387
11716
68232
46737
42405
26842
43405
69643
13050
25850
43207
77427
63784
55115
9467
57873
68736
74830
9081
43299
68186
77500
25324
12170
18327
31355
17896
75083
14599
23998
40370
32861
21912
46110
70795
32268
5622
30116
64659
26204
37341
76532
50233
49619
2766
4826
42173
5232
38059
12627
22274
57301
26562
49243
38701
40640
38766
73776
38600
9839
13201
5074
29516
9656
45188
21358
49506
58402
67881
30116
50611
22329
14730
10014
27438
52133
77707
3663
1967
16586
56579
56308
28523
13256
24919
62190
7468
36217
30142
24188
21470
25313
53304
9106
30511
22008
10039
31474
24692
47546
20301
20148
52247
17318
23281
59769
79690
18113
49283
25467
33178
9718
3696
35912
72293
16642
36497
8940
49757
77538
62984
24249
23628
20936
21770
39585
27717
46547
73268
79730
12407
14358
65864
38046
10518
38024
55157
29391
41068
75919
33441
57877
7426
24671
48024
79635
48199
4928
45266
63998
50040
29943
34141
57315
39669
66988
48033
72934
36672
52476
55398
73906
27298
67526
9063
24322
73923
65055
58205
56586
30438
62559
32925
56856
22045
76305
74737
70704
64618
8317
64457
32161
32304
34523
1113
57649
78662
54673
17284
70844
11577
22135
78424
8140
68384
55078
75250
51277
57936
22815
9905
44598
12287
75850
21447
27281
73810
37669
18479
65555
47858
69094
66051
77174
49901
75830
73467
38199
77752
24857
3316
56071
3180
76588
49781
60612
56674
59514
16721
43420
61173
15624
11423
76659
1937
43487
53829
5003
21382
16905
25450
44414
19632
42823
62986
19830
40288
2123
60715
44987
71089
12056
26087
79192
37461
25395
6873
76398
28377
58275
8220
35876
24030
10564
22670
48955
8419
61624
3070
1761
58173
40460
15890
70141
6555
56144
59509
22035
15537
46356
1584
64592
36851
9718
67082
25031
63397
59306
60250
17812
21608
57295
9250
36308
62826
32748
49817
3980
9884
40407
60538
71408
37784
29539
21124
53754
23155
70825
64106
50417
41415
44183
18462
12714
6646
11435
49461
30429
20436
8417
24711
55932
9653
75982
70462
60397
68029
4714
49495
45503
8364
60155
45824
55677
26427
37349
47525
1666
4083
51196
60594
14437
23148
21978
43138
28738
12128
6104
34230
53571
13686
31572
63780
11492
3693
57700
60713
20406
60363
55490
7678
73155
32229
43205
1217
33061
67721
35840
62236
69312
16764
39788
16037
52480
60007
10395
47808
16658
2714
17374
47415
74274
74353
33396
63682
8752
11433
77671
17215
5498
46409
7256
76834
52941
53664
14749
26767
54113
52011
74087
72395
6521
32444
2176
38901
76214
59559
2910
39720
66553
34552
41615
75524
6762
50379
11676
18063
69576
59883
63614
56695
36380
69044
44141
31940
10507
20749
12887
20313
48693
16597
17285
47490
65213
31333
5214
7474
36174
11515
36997
45097
34074
6377
27077
41243
45030
45408
53070
65003
72818
67726
65633
30853
67675
5839
32410
30885
15865
33738
68254
29745
21702
16520
13621
50614
60703
57794
16075
19601
39183
34987
69885
41053
53873
55094
52825
18819
58807
10591
2168
36414
40935
71144
64070
29893
34344
78177
24509
67124
63851
55111
31467
50805
47490
70895
63592
53259
32796
42625
14144
22899
12200
19934
65804
23219
60285
58144
56898
25152
68469
55967
28852
40861
17806
30037
23997
45898
47653
19337
29577
68586
71087
9779
55968
27150
69836
44144
19504
32614
42603
70475
16115
18012
17668
37785
14271
70247
13959
35138
45530
9425
25222
45364
50433
71952
70558
8207
42462
58658
67414
3615
31128
73178
15195
56974
33245
30774
61896
19344
37305
2276
60390
6005
54995
16043
70576
71383
3727
9263
16026
6799
59166
31710
16142
74898
12893
28732
26813
70927
1866
69633
33686
2007
39896
17821
1926
70932
37649
26186
63193
18018
24205
54894
17851
23799
8904
4144
35062
30587
20051
63267
9668
9784
27008
72659
13634
7888
68022
70420
62534
26075
51297
65561
20431
20528
77909
8196
29334
72993
13038
69132
27647
41675
25595
37958
27825
25783
20381
36394
70788
26073
37846
14280
71705
33729
14813
52877
71042
17486
49316
3478
20009
68938
50171
33988
45845
52455
65380
55662
50807
71172
77502
36345
62311
78029
52064
51487
10414
56204
55011
39510
1319
14586
72091
20737
35620
42831
19607
63066
43292
43618
4143
5332
6605
61048
13638
52856
28841
65663
34384
14600
78092
7781
76644
11022
60251
79763
56341
24006
61128
18364
78405
66164
61448
39750
75084
76822
37423
23103
65406
27771
27550
27212
17653
50082
68460
59975
69657
66207
77324
74146
23344
49561
72161
10669
63443
38777
66546
47004
36623
17994
39388
69298
22176
60530
23873
47384
46014
15635
19963
34501
37428
44763
42028
15093
44646
47215
28747
54740
70906
47797
25645
19204
15766
13948
78934
67870
25054
47890
51729
53188
16507
1561
9752
10654
61715
29990
12672
69521
40994
36070
36764
36291
58804
4423
33977
47226
34749
29609
50439
79341
10405
76697
18834
16425
30223
43272
77749
57742
48157
70257
22536
74619
37530
13201
71269
38575
48259
47141
60804
23375
3282
10001
12998
59038
61055
61650
29510
64262
3662
57743
69560
33298
19218
49606
6625
15230
48157
58686
3959
60531
69349
33623
66496
5450
27932
10981
59154
29025
72286
50609
16604
49755
48691
54348
25256
18234
41166
40389
8935
35049
16673
38736
34765
52182
11649
17507
48583
26943
67145
3415
41223
29819
77183
66741
69847
2425
52617
34750
14884
62989
27963
12776
4695
74103
65643
14221
12775
27790
3472
14921
55059
12573
3844
6907
57932
68162
8599
11782
68976
53388
70034
50149
30052
36204
14686
34695
12851
23573
21718
9325
60540
11770
70580
33031
35772
53521
16205
36865
58449
73088
29481
42752
42473
1327
19270
50970
62028
71414
75263
44917
37111
57009
72747
22664
39393
77062
73250
69729
42516
23685
78142
5807
63334
19312
28675
4550
28666
67542
44419
3477
12883
76973
10935
59868
10614
2333
40308
26878
49224
28395
68858
4858
5649
1069
71222
38132
54184
57639
33359
46929
14737
34492
29837
35241
51336
8802
43842
19026
45583
64562
36933
77528
62887
70486
21555
38906
72067
19178
75501
5889
15207
9489
19130
51868
14705
22973
67777
40864
73183
51756
21804
45549
42333
34098
38540
55354
69962
15708
63444
22052
54348
20864
51078
76023
33996
53533
39226
58947
9331
36922
32815
47988
3841
12447
66036
30118
58938
26715
78957
25858
51216
4574
40766
17829
15150
16100
65262
14165
9481
63327
29954
33715
57087
30644
16374
1594
37312
36551
52841
39923
37812
34864
52527
28210
15376
74255
47343
35581
71036
28800
77505
77018
66243
74749
47289
76851
36200
44259
44884
49282
64924
14031
32221
61679
64575
10217
15518
4368
61170
68038
34675
54742
47114
51067
70979
58915
38513
45590
67806
78793
5093
75379
42477
2417
68291
61525
1409
14752
28998
47498
77324
17499
55421
2305
48519
51698
50020
77944
4161
56059
12028
3112
53099
68979
7208
30363
23854
27398
31538
57049
2159
53048
8275
55610
6751
15332
76905
64346
70061
3986
51958
11220
64272
2823
4451
17119
21951
40293
51004
26331
27634
48453
42878
75155
25253
65679
15652
53862
10856
30225
7440
54265
49533
64085
76169
73197
75739
50099
7382
17267
65704
60883
70404
75237
50342
11256
13658
69757
79061
26191
16490
58863
61339
8412
67557
4931
74851
12395
45568
22188
47507
39638
66379
54622
31757
31224
77986
68391
77566
28255
50989
11953
17677
32619
12177
55271
28565
50262
16418
9653
2250
41661
77426
19313
10225
46496
9251
56586
31587
9323
40515
25515
69835
43213
66563
55945
79489
5302
57078
75161
19723
22979
33743
5847
31764
44149
73422
23061
31994
51162
39784
62925
35546
47661
6958
9609
34121
64617
42669
48041
3130
27523
5524
23256
49054
67373
56200
22152
63405
58842
78698
40083
21659
48211
59485
48663
49582
69592
31991
21613
38161
48627
23986
1075
20364
30527
5946
63000
11725
53136
42561
73593
25668
9785
77328
74626
59877
41868
18969
34947
24234
4770
44192
63023
30329
2497
31678
4997
16472
70585
62859
54911
73573
17738
39862
16195
78496
77799
29039
3111
56626
47291
34460
50146
25396
75975
4041
37277
3074
15056
26070
44078
58538
40025
8259
21259
2116
37256
67487
41271
31464
31948
29324
44238
61312
27918
32023
7476
59071
62286
71399
35220
59032
10734
71443
14146
63912
64914
37349
58393
18477
26417
29032
38386
51934
24877
20412
34648
50617
76138
27712
12727
5601
44417
4984
3515
41299
42685
32188
46485
67375
51042
24685
42710
39199
26964
32135
77335
13210
52024
18888
6566
22015
45954
24402
7236
26589
79971
79833
50980
8123
47580
47145
7421
11551
1288
14698
37679
61997
9693
58123
40508
31145
19527
26496
1712
44502
15983
72860
43863
42157
6404
50250
28363
78772
75209
74530
48297
50120
72713
9347
4333
41137
41653
23569
3310
31945
69798
68054
60185
5526
1228
77937
47776
15110
16046
67801
45206
31094
72012
36950
71776
28456
4023
23786
22628
1262
37009
21627
36053
56393
48227
46050
61836
55698
13997
68581
17401
56917
40011
72486
30851
3700
56158
53323
54515
62363
7890
40451
73209
38921
73554
23903
69089
62451
58334
28414
3782
48548
69981
35862
5118
45529
16751
30888
53884
75403
64975
70674
72213
19631
60515
65993
74400
60272
75566
74044
33791
4180
31991
33787
56735
7052
60479
4235
7390
33691
76362
10265
38390
12036
26724
70297
56354
47598
64462
12684
56954
48007
65279
49894
3493
64573
54695
26230
63739
68618
51749
62235
6662
27061
70728
10125
60804
35663
79539
54018
17101
10866
21078
71332
46395
56041
29403
3307
23877
44723
17333
44312
55110
1333
50409
42422
24742
12578
54293
74776
2266
11434
28777
12647
9897
8259
42908
42527
68490
1620
56461
42505
28407
66053
72486
55357
41183
51599
35704
25489
43301
26726
28213
24367
52387
16711
74155
2256
6876
19586
46995
57424
38428
53806
47838
66961
52350
57719
45152
54815
28365
55981
2708
59472
67324
15162
54452
32673
78491
45017
40415
42536
62650
16870
3117
51046
20703
23047
22790
76679
24406
29178
54298
46589
47282
63160
6895
24652
69193
43012
9345
59636
25980
45566
6097
27928
40469
27067
37069
52048
61917
37361
51862
49457
39440
54614
44129
42839
51113
68213
10525
67692
19723
67191
37080
64128
3510
47609
64538
15387
11477
40459
7652
51114
25886
37446
20911
20553
40225
1635
4751
3342
4508
73369
36162
43822
76943
74814
35404
28394
20282
14620
5598
24010
71240
5110
67896
9491
37490
30379
39676
17410
56355
10246
70967
32709
53798
20585
50213
64169
16551
44111
41662
39682
37350
72548
21878
21423
35412
50015
74893
23506
23016
76068
60927
25651
49596
3293
5422
9855
64554
33808
17519
13934
51645
48112
15469
24259
67294
31648
64757
45363
73068
39981
31701
16483
55922
33842
15863
27478
33234
11844
69440
61716
18222
72797
41693
21182
35181
3696
60426
49609
51608
37090
37177
78718
1253
65430
73398
7149
11200
77022
76490
28588
34573
23750
53284
38817
49809
39139
66580
1714
9594
36360
73156
29167
7116
41553
48423
31019
5418
55402
21553
9390
78461
8660
68815
76825
55902
10948
42298
33054
43015
8897
57001
79827
43902
39779
66492
51805
9682
53469
28508
45590
2260
73660
3028
34536
59390
35496
27722
6461
47725
69713
11051
37104
64871
72695
53737
44509
37468
72206
15763
17484
55001
57503
9828
5711
15963
3804
74888
58834
50158
30955
45882
73400
11441
54020
26937
19593
54650
38684
4521
6075
51907
61473
21545
29893
45200
13545
78243
5792
16218
17221
71858
38268
68862
20014
14334
58217
60556
39904
18694
21732
76625
67651
62912
17782
52035
18897
40495
74569
79471
17287
4826
10117
16776
55016
43044
75884
52006
55296
12022
16209
49809
27223
66401
72770
74675
39886
11057
28346
64443
38401
22519
63389
50796
68576
5249
46941
47357
52960
34838
46128
30998
36732
49830
11346
74878
10770
51257
56662
68213
25426
69299
43698
46169
75131
43218
33415
19600
46727
55886
72217
64546
25968
4005
2857
45954
3329
28580
57110
18630
46065
33448
46362
58611
61063
34276
53020
73856
65448
78421
57161
77015
33446
16595
52165
71317
17026
61008
51240
31578
2870
29412
20660
49875
30124
13271
10320
30537
57888
79065
76990
47882
70104
28931
24974
46895
46541
39125
73791
36057
14960
70235
19283
32504
60565
28118
39682
17664
61954
71932
78294
19565
15088
49864
30192
29513
5470
45864
68290
10369
68287
52241
74707
19065
49864
45043
53284
59625
49449
11576
54541
48301
70272
29954
9863
79282
46391
72708
76960
32657
16427
63912
9720
32680
46352
28312
36842
63972
50900
70646
77112
62467
70630
78502
77714
1214
68872
67028
17137
44614
70970
55732
46755
22744
78898
32045
21001
25871
3033
15261
14564
19446
64947
35745
61765
35341
17997
2981
48395
65584
40819
4126
29976
65093
79917
65225
12706
9965
6718
19415
10630
62436
62698
61494
51028
51125
3248
12299
15723
40576
14699
72369
63558
60761
13637
68429
30795
26144
13403
63526
21685
49120
20700
56247
73244
34761
44914
52915
16537
38491
2631
38860
78911
46106
30999
60030
65183
61425
4868
24580
72867
34739
25651
9141
6589
6947
15837
38550
70860
32944
13413
37225
59317
74348
68987
53721
37917
70985
18048
70137
11566
67258
70869
77986
70074
72669
18676
69072
39969
34256
33066
45755
74001
68980
50900
79425
28599
16901
53489
54819
16963
19014
58336
20839
31711
63022
44819
53211
50116
19633
1649
13260
1270
24078
45721
13635
30598
51166
34550
28554
3034
65672
16683
54709
29411
56780
57047
39196
39563
48031
67248
36291
60386
74814
47438
54450
30924
15379
75716
7835
14922
61710
73478
17612
3654
54609
72103
54889
9888
4604
77575
24764
48158
56872
10732
61441
9887
15691
52727
14130
50157
64508
21155
60943
48427
13899
70396
31452
74561
15280
28027
38089
42833
62303
72607
43667
57820
74682
25832
27023
38179
49532
24997
29234
11711
38116
16948
6021
8212
56995
44081
21497
1291
64709
46584
60909
59759
8572
75204
48508
40939
64300
13694
15667
40533
65440
20813
39001
37288
2117
64414
48004
27513
64554
16857
13900
45397
49657
65681
57164
50767
11021
39433
47456
4136
18248
67745
56654
62835
72646
24102
31895
54592
47593
31107
15510
24540
46532
57691
51770
59615
35391
61634
2357
7726
73083
4731
11321
26361
39723
16692
64659
49385
32460
16538
62986
30190
38395
36403
38696
19831
49390
76319
60366
15245
57011
42039
34454
2986
40733
10253
2206
27743
43568
32723
18626
38100
52722
3067
74705
18461
30632
39663
18320
72663
56326
59447
50048
55825
69595
29511
69303
56275
37212
23367
13920
54832
77743
1305
72331
32381
60605
12417
41412
58335
39695
19898
21620
11680
67461
63806
43080
40560
13773
21113
60927
52144
22927
3615
54610
51735
17607
71576
4864
11217
39427
59428
60654
21330
8104
74916
43029
74275
53049
21217
77668
46280
49713
70141
77287
15033
70809
44771
70417
30000
42149
56573
61451
63761
30008
59923
15489
14584
74144
59046
53672
30018
48973
49783
12984
24991
69024
73232
65082
59076
70746
33038
6902
10419
60747
14804
38254
73999
13556
19957
77628
45512
74976
14105
73244
35956
11011
54194
22688
7327
45713
64818
27689
48477
32414
41156
15640
1221
2614
29511
64906
3069
38111
33894
10373
22709
36519
78851
28615
16540
38528
43583
22786
50418
31624
54565
52841
54740
59519
69606
65854
75516
62687
18131
31276
59776
18435
76817
77965
6345
33687
49773
52740
45378
35966
72484
17424
75181
9600
9096
36911
74950
20530
22431
32207
47141
49088
56450
20395
41646
11794
32093
34542
37388
36238
25362
68326
70580
39291
39296
35700
69774
71634
46719
36216
25541
14069
50418
72413
6538
73083
70253
21360
36645
65287
67679
26689
43113
70823
43308
21042
74456
48469
11557
50004
26359
36745
11846
65327
12570
21973
63389
46803
21756
66949
8039
5146
17508
16537
29110
74140
51452
22667
2205
23265
7981
67872
65240
27366
34568
64008
9191
6338
31518
14293
15431
77255
20461
16132
47262
23961
60745
5436
54471
71921
36127
63099
35460
33602
36442
18654
19893
32123
77913
38129
10434
13526
17261
35463
40738
38916
3135
12102
37967
31091
34321
33065
33111
55372
69221
31393
4368
47194
21945
6398
16022
1985
41356
45896
44822
70225
65905
77103
55556
51833
67443
12484
6640
28394
45658
31123
43835
21047
3684
34874
21328
18279
37177
58488
43880
59514
26485
73010
47363
68127
54580
68248
3376
14976
47382
8829
64249
25989
12345
28275
68117
32771
23320
74857
5031
32319
46775
7199
16861
66223
70557
73575
23774
16263
48091
63967
18295
22840
26630
63397
38412
42440
16639
54776
1740
60630
28137
3273
14390
18962
68708
4214
20575
40195
40792
66468
54203
3138
39489
63035
48919
58902
47459
51374
69653
32610
46519
61052
77229
58156
76943
31738
39764
34163
30124
26959
33260
46201
42397
39599
43570
23885
26624
63676
19983
30462
53364
73409
14070
20672
74947
59770
27071
40818
51189
53517
16198
47858
53577
76108
45974
71324
33120
11324
67694
16962
7667
50554
71229
35561
41136
30282
63412
21418
38658
51600
37921
16334
47661
12541
39335
56584
40461
7773
79103
9399
15407
66680
52770
18411
45086
54482
1033
63094
31744
25732
76430
7145
56491
44515
77248
22667
54743
11848
63367
60404
36368
71290
28076
30594
44891
50252
71148
79762
68153
57073
58826
34636
5297
7129
37561
59379
61227
51083
38917
62069
41842
28253
48947
21871
27886
2473
39418
56895
10957
57474
48895
4277
15639
55750
19742
8265
57115
46987
77733
15493
50665
73488
42475
45107
17622
37171
62732
49311
58611
39654
74868
47740
25390
58917
18651
21757
16799
44832
14560
39502
11531
66446
56839
2454
40908
46562
32062
2568
20519
2135
66045
30558
34668
41415
72070
41792
77317
7493
75599
74491
26762
5831
53772
78909
65732
41580
13705
45809
34318
60782
66686
62033
40806
31427
35125
78677
14273
79848
52830
47790
61068
52883
38027
2149
52487
68442
63586
15290
7049
59492
13995
27469
24736
25133
67615
66392
45043
17145
6312
18328
68560
60560
7936
68941
1884
16379
49733
60285
61192
10585
45884
24948
40131
23316
75311
10781
31605
26122
17698
44585
42702
47655
18756
74182
73293
39416
15196
78644
44381
19250
75879
8914
71920
74758
66141
68379
21554
30105
14908
59390
37059
38701
15663
39641
34276
7258
69449
31318
59036
18643
5071
16331
2018
27265
32374
41507
50667
36973
74716
71219
44879
51744
63377
64312
34186
22862
67926
34805
21446
26625
6766
37827
55759
57395
26489
27410
68135
4148
70933
64039
37405
2012
60102
32106
55904
15235
27090
32788
59185
17653
35191
60235
71821
54487
13634
78466
33760
68460
19617
64028
77211
36760
44983
65721
40448
39660
59952
63424
54370
5343
33506
11070
18612
61307
56512
7126
44387
55525
56493
56135
1475
14776
51213
20995
45253
51304
3806
67423
62601
34807
60317
3625
42643
48138
5654
47502
1315
42321
11484
34924
49828
64451
34492
20147
33956
39593
78612
3026
29932
1060
55135
16875
64350
71644
12184
31016
22341
30243
56676
60948
14755
15395
58633
7550
12879
79625
64866
68804
31549
32119
8734
73117
62762
63295
9285
77728
31880
13188
55952
19060
61184
49375
44798
75736
44861
36909
4516
72525
14637
47065
75693
42495
67964
76793
6058
75178
21880
60256
39546
13035
54508
33894
70397
74791
77799
43740
4289
38537
4593
2232
11257
66794
75811
70764
7902
4514
39608
46550
8675
12093
4069
74950
26806
29270
15175
37798
19954
65657
79256
52690
63487
4968
75976
48997
49074
21523
23152
39498
65516
5473
3629
6704
50543
25227
24436
38754
79498
69355
67210
41412
3286
40109
20840
10082
50261
71918
41117
18420
41748
56310
72932
27007
7452
13193
1743
52853
42170
10458
53071
21421
31669
51977
69674
75569
72387
35574
60895
47448
34542
30526
16152
13911
21977
52958
34733
24637
24375
76427
6220
70078
22223
1306
49519
23642
57342
18772
77056
29834
12456
48876
10268
66326
47938
7115
63527
5059
57280
36172
52474
47714
67589
65840
60347
36724
50189
42522
26765
74103
20518
45350
18695
15508
70546
10221
49167
38065
53153
78467
52802
49036
31249
39971
32995
29617
24049
29970
12468
7514
72275
3270
57871
13106
63182
68114
76395
36697
57822
70490
73710
10856
5840
23463
73307
22975
13188
38240
75913
11538
75176
71032
26440
66238
7468
24664
63590
42222
11035
7949
27890
46927
14175
59788
29277
37653
58110
18727
39964
72212
55293
58350
60062
76066
41137
56554
28020
4071
25741
47119
71065
41866
38301
8238
7553
75489
74485
77585
67069
66388
48325
72518
54148
42166
20933
5637
52813
2182
51470
59561
27336
20809
62970
44371
25795
29194
65329
2054
36286
7489
58002
64003
11689
13518
54265
69113
44878
32180
29093
12916
28888
54425
29599
69565
53858
67434
45883
47056
31123
38586
30367
65312
25669
3775
6932
2795
26732
62863
38994
49043
72300
30766
79554
42857
72569
58123
15162
17557
23652
79268
63744
15999
53781
54058
44564
6552
55431
79220
48819
34504
15459
71924
63434
68530
70666
73682
22896
57899
63087
79390
47316
5597
31233
59074
49085
66198
51475
55207
47653
51021
37104
12468
3203
47186
17143
6425
58880
60262
75643
17547
47390
12554
50100
49355
33898
69114
51776
14862
43536
40620
64240
48223
22838
49574
21753
52972
5896
48334
79304
41927
61988
12310
78260
13808
39812
10306
35668
25186
49321
57839
60991
60453
24833
63159
18477
70291
48184
66402
42898
66388
50538
19396
63553
43328
55266
39516
16146
19615
68574
29327
50099
59461
9898
27428
15902
34200
54610
79617
18120
43913
10545
10696
29602
60724
2369
17892
53697
38697
79839
75471
59802
18522
14948
59397
64827
39666
13892
9671
55826
51204
37397
23097
11020
64178
70571
59387
54742
69182
29485
62478
65103
43763
43120
31055
1254
21794
18755
21417
57296
67103
44721
78443
32171
40748
19154
76073
73585
25285
55959
42856
37876
55339
34737
15335
40232
62884
9576
41487
4436
77430
69067
74907
17202
8549
66689
28540
2547
1726
27907
8214
48911
20252
62655
39415
33928
57971
32408
69953
49179
33967
68119
66193
26589
75187
5056
60886
8604
49150
8923
42351
54259
30403
40389
15294
9880
34375
49228
54662
75259
57047
41042
8456
19926
65458
58331
25743
48384
77775
30485
72647
21475
17703
70661
77551
25189
9739
38888
26207
52672
20268
8719
2243
61411
56484
35156
1094
30871
24605
46149
49557
38405
19827
48033
58466
61315
17396
64525
13730
46809
14194
27875
64303
25013
41338
9453
37321
51475
2381
32295
11405
50108
19369
48179
32804
27102
75195
18046
27268
6880
17181
20365
15509
41854
59904
28746
20520
69561
42238
54976
37176
49479
8461
5563
52899
61692
57797
12397
55457
30926
55050
53468
7441
30539
47285
8859
70768
71369
6340
4459
33442
69849
69145
54639
58012
33129
48516
48360
19613
21350
61771
11574
28809
42899
8179
42378
6127
55565
49373
78656
21826
58913
2500
6056
35992
70032
56838
27798
25123
56973
13750
8980
71969
67922
58082
39912
71631
2646
17432
9344
40223
69099
33312
43186
43362
59805
42287
79422
18053
13206
25789
51641
66057
9797
38336
60134
20024
76886
26476
62212
63805
41003
7120
1042
10140
56935
57759
26880
31324
4410
5996
30190
72158
5075
77748
50111
66364
8250
48272
68141
9546
55296
27111
22433
52358
69152
76547
59369
2437
77159
32586
78531
42211
44827
45943
79915
45847
39020
37148
49355
7715
28504
68321
16320
78966
60330
25016
55772
38840
9230
72002
20211
50821
11603
57138
43917
60188
72141
70076
31703
38100
40902
26410
9090
32713
68178
29390
24034
2664
14951
67363
56488
54145
35938
28940
54552
9075
60346
12956
71947
74902
61418
79613
29108
43140
52153
51400
5779
62097
63315
37501
76189
45122
19274
28546
27582
52338
73467
62404
3753
52195
2273
55830
20696
62882
79951
32338
32905
42646
76135
79906
52433
36219
22385
23916
66101
62099
59428
33071
9982
18675
41257
67072
6926
74997
32923
33832
20418
39504
57326
34036
28124
43834
61093
76793
70445
35788
51861
67911
40127
79645
3319
43847
61990
68856
51009
66556
73232
19269
48347
27712
41888
64858
14782
64847
13589
50047
63560
14555
57342
73399
33099
12866
23217
43205
78947
18676
25073
78038
36175
13176
61659
4058
16110
31637
16602
71258
75126
54963
68152
51822
62223
47469
50152
64705
34017
25020
4736
10239
6907
29908
67914
74300
20511
21227
58020
8469
33384
16062
18700
47588
50452
2491
50462
60825
69883
76218
50800
75987
45515
46853
3981
58221
50805
52592
33198
16502
48681
7963
46856
55446
9055
67136
71073
57076
67275
4844
63732
39463
30166
55350
72254
62962
23282
69504
41395
54627
56016
17184
2004
75095
2724
40022
75567
66893
41437
74011
14221
46263
48738
31159
39111
21744
53178
41622
56554
59940
43476
56895
2362
72730
70190
28184
40890
56451
26168
41908
71046
58736
32837
78643
40481
43494
53510
42439
40694
69868
13704
24254
27910
8920
22273
3571
78849
31599
75819
24444
35819
74625
9915
14257
55965
50074
9813
13971
73753
21627
53267
63600
38255
8026
1675
72512
16829
52590
55159
24577
56552
23448
3907
52468
69466
67053
45453
64726
40650
36816
73441
31471
52359
62647
43988
76948
43655
41388
78830
71646
35330
62960
4725
26059
43904
31849
30701
24643
30576
3278
66364
37741
7540
61731
22081
71016
6890
28683
47402
59869
4977
38453
53580
48308
14324
11847
35665
39175
12118
64567
25833
39975
42111
27844
37381
67126
56199
2673
50896
65496
58194
52333
52260
69852
50505
46501
75886
77754
48795
8148
18484
77556
53448
66105
49640
75508
47800
23527
43325
79465
69774
22490
12746
37847
50980
25675
26163
39208
5343
53545
21205
73335
54458
29112
52138
73420
45890
59430
54143
71404
30569
71121
1491
68797
34826
6341
64995
17515
2618
19796
49088
16162
56220
66887
71200
75421
34477
44063
31315
47762
27590
67124
16941
65958
70651
46397
48559
47798
56103
49402
71994
19594
47449
11193
52524
11130
38067
35766
30790
64857
40531
79464
30551
60500
25643
52996
61849
44871
23797
66123
23702
57965
77352
2644
56215
39155
64327
43485
13261
77640
55055
7708
4007
77791
59287
6416
16777
60401
11052
6363
16755
57711
31614
71196
71581
53741
35618
36914
71693
46972
75883
79020
5796
54302
36337
29222
4773
73993
43545
6695
21227
67562
76432
11417
39980
75988
65919
67923
76619
61603
62887
79421
42897
56469
18198
45625
61418
14277
27317
29830
27228
30735
35711
66110
21819
28391
14278
34596
40500
67198
77005
62069
59862
79325
54109
3730
67244
3601
45693
36973
76882
4628
62524
52659
72310
18400
6545
79213
66815
42180
34723
6621
19936
75520
47689
24268
75689
60983
38740
29005
68791
67953
15561
17021
78425
37015
68862
68657
52439
19687
68766
3190
65574
20482
23394
31237
40608
46919
17567
67197
6240
52531
3927
68584
3433
28388
51035
22702
62488
45026
10206
78882
8765
77747
77996
6470
10562
34869
66358
77156
73138
69028
77524
20030
43217
8287
62501
26141
39831
28892
15281
35173
73399
39733
61146
55163
34552
20308
70409
67192
70187
78860
67921
78410
27175
45901
61256
9788
51763
50449
70716
52219
59007
23628
66505
37805
10266
33099
65945
66180
32377
65131
31444
23424
55863
15952
23864
21076
59348
43085
5111
14992
38631
48177
21351
40183
42153
55257
71589
11973
65417
79003
77796
79892
60581
64676
30454
28801
37200
31876
65049
16012
64736
66913
19652
68453
27592
48207
40652
64633
38217
70340
55575
29989
48254
76691
65473
39176
58718
24366
77878
50462
31737
43209
6502
46644
30807
57656
2071
34682
28230
27756
77688
23177
75950
49222
68769
68279
22088
32682
3996
10988
5669
20568
39747
7474
28896
34317
42145
32314
26438
59072
57081
54905
69766
25177
49663
2778
12759
73196
47551
77727
42954
42664
1751
44314
34186
79977
3752
42548
52307
18833
50649
46637
74853
41066
70239
19374
54354
69509
17921
35194
32915
61387
2858
16378
17335
43380
74164
5098
26405
52297
79461
22240
50861
21239
40502
54065
24448
75305
32413
74366
71303
52190
25736
26301
45016
38460
11397
3266
1936
23615
15703
63180
69490
10094
1581
54863
56037
26623
30125
77092
11342
55155
31527
2606
59149
32656
26604
47207
4976
66581
76364
11435
58966
12873
77896
37402
6825
20559
71443
53789
25278
17787
79929
60128
14501
32515
27700
23180
58111
44394
55707
35209
35831
8463
23723
66775
62486
32624
47845
47676
33957
72526
17374
20043
19607
24055
2058
47023
55757
68156
3303
23404
40860
75676
48165
2714
71757
26973
71098
24468
30327
64703
18249
21587
13651
49515
43425
24750
47567
55341
69979
31887
75503
57390
30549
51067
22150
35091
30576
43065
21371
48759
68959
48495
75232
28525
30157
18769
60586
30267
57086
43713
56982
16237
30138
60788
29553
47872
12200
7782
1964
37146
19025
52460
51160
58298
1411
29857
26952
56705
65374
79068
27791
32012
46428
76787
25217
42458
26686
59776
69045
40438
22801
78557
35499
78036
50382
23650
45174
13287
20916
65714
4929
20121
31211
76426
37006
75367
76538
70108
64493
43754
16051
49262
47215
21404
16876
30293
61908
19722
25097
35981
45971
28942
48388
2729
70425
24233
74004
39710
25295
79040
10302
62564
48684
53064
3118
59861
44301
33304
60825
78800
34444
36852
54769
59621
63808
46023
45701
25024
34411
33228
31035
63518
41791
51229
27474
58482
70127
30958
5747
18070
27128
18796
67098
4309
13301
74307
73724
31362
10649
45966
56741
70253
55946
28358
36492
42468
31592
55336
28589
76019
27629
66821
62045
32708
40119
55621
40184
13636
78280
79081
68194
57213
58367
12820
48541
13164
45482
61692
77696
38200
63442
55565
25937
71032
26993
1464
75369
29774
36251
56712
50817
10406
19129
79395
35094
44679
65046
33429
7300
59595
56521
44653
55966
41636
61080
22223
23503
71804
12533
53545
74913
12127
45982
6026
38922
47634
30272
69121
35517
14332
60028
42324
10403
68152
20197
55478
2532
37884
65756
59350
56350
37749
38765
8928
70388
28397
51525
45198
69020
11363
44167
5850
38941
34909
14106
20194
43027
8376
17519
64883
4020
77216
18977
13480
46998
75083
40800
21034
32053
30984
26746
9785
49725
67113
7007
37957
68447
11940
69990
46434
11063
5286
1685
63340
25622
61729
79080
31269
13839
75063
8344
30496
56034
38397
71905
63607
33603
49976
41732
63625
46733
58351
22767
76729
60594
70993
64237
79582
46968
9988
65492
1966
47996
24293
60834
52627
57117
61353
66521
47665
64405
10181
75171
41993
38205
55078
55961
6769
57574
58002
17738
44890
47322
2527
74333
38673
35283
20498
44396
51927
15750
41896
10657
49352
56936
47446
1729
52371
33526
32071
45120
4170
20469
32546
1827
32211
64801
5324
62793
8794
69327
45547
59253
46375
61648
36565
74714
25159
9946
68679
74702
50865
8547
66474
41146
8160
46984
33154
24704
8421
20281
62283
55639
25467
2856
69337
64646
32177
77170
62799
19833
55161
36304
8572
51035
31247
19016
4323
52103
6650
27903
74309
20059
24289
6211
60108
44606
79355
16165
77992
35840
1826
67699
77878
16651
50551
43892
39119
39571
49472
55614
63260
10539
24233
33705
39087
62838
41490
66666
78241
42401
2256
45835
66591
35008
51565
24717
65807
38111
52815
20770
64118
16835
16035
57724
60491
14651
8108
41189
61127
28412
50610
51980
42392
6979
51416
18373
51879
72013
23399
62969
78568
44976
50719
34930
46586
55364
71971
28686
16174
62715
4835
67782
64535
29934
44777
76880
3270
27119
33932
36032
44759
1607
1032
50356
43717
21813
30807
22039
17341
76654
26566
27698
21380
75567
6207
28591
57709
77473
4154
57352
35099
31900
58026
67275
72369
30439
42343
63926
70968
63073
55495
15357
5200
22056
20755
45152
38477
36409
79955
5249
13755
53934
51111
15067
23418
70981
22039
51678
18916
12927
20588
1884
41653
13347
34313
54622
28510
34583
58836
55812
38854
45687
77128
31265
73250
69849
19123
75998
56258
26916
76365
52753
41364
68091
4213
34145
72897
15721
57599
64104
33813
62058
57297
6512
38447
78944
36519
7501
39793
79968
11430
66734
66627
15839
25601
28454
78451
24783
7140
2710
64514
68520
6945
23557
79202
78214
8700
11853
52619
16539
43881
33978
20603
60685
67059
17885
53422
34425
33308
29647
53371
75032
46330
12314
53063
77163
24355
56482
10702
18213
63505
67527
23486
20525
66234
13832
1885
39519
47423
75948
3322
14668
14411
1260
40035
44907
30340
10381
29259
13459
25071
72518
49816
47437
18329
26345
38795
58297
18573
65171
11887
61054
77027
27771
58262
49002
46187
19364
68782
34593
22090
71452
20126
30030
32406
28733
28520
53221
65977
10511
59579
77973
8624
32366
45884
59777
26462
69082
9972
23235
58457
32050
47320
5163
65663
1395
45053
29383
45484
47568
26075
3859
35674
1182
53873
60089
44158
36119
12725
78139
29723
56741
12657
50986
37235
24272
2508
33581
62748
11073
62199
50754
58060
23679
73261
45438
47558
7535
9978
43047
49247
53968
70713
26877
40227
32945
8869
55871
1799
41600
33001
8868
36775
18412
68235
64490
51160
61481
10494
43492
14204
18514
15271
28798
40975
69138
65890
41594
60299
3820
66253
46323
5519
44599
15341
50677
26944
58302
44114
