16200
57198
40092
19550
89100
91525
64800
69837
53949
28443
58725
36440
31861
58323
89100
3702
70787
62127
20250
10125
16627
37289
22157
89283
84983
91125
66338
94395
94314
93150
35397
59782
7274
71179
87075
825
55314
56133
9858
3352
66825
97804
58885
97200
14216
64445
85243
18225
78036
31502
18225
70636
60750
12439
37043
17480
24798
18216
94411
72347
78975
46157
22275
18225
79024
55739
84600
87300
46575
80078
32400
36081
89013
68667
56700
40343
28350
84211
55742
64800
36450
54649
71756
12646
56700
14570
81000
48600
29892
40763
27670
93295
41041
28350
76980
39864
17734
83614
87075
20288
98641
82933
36265
6456
63664
97200
71906
86512
13760
42679
62133
18214
45205
87253
81932
52650
65350
81000
44923
40955
76708
24366
53558
38307
36450
15248
50594
72156
433
72835
46575
98350
52650
11704
84361
58498
53290
30375
32463
30902
10125
83777
36158
27626
65888
7696
22147
32625
22275
90207
25923
83122
45324
90367
72275
87919
39117
66825
32334
82773
76950
78975
51964
28303
7447
18664
78975
63197
64315
23837
42901
97200
18425
38245
16475
89100
80867
97200
95566
44550
98046
66825
25434
40412
73408
16169
50497
60750
49004
83025
20250
50625
30375
56700
6539
50625
91750
24719
36117
28350
14175
15110
66825
36170
62775
47651
31706
43642
12345
15752
52742
87075
62775
37267
85174
97472
54675
17423
85604
23092
60859
68662
69695
19695
47146
14974
89995
5645
40500
91682
10407
54180
63044
47633
31554
54285
20175
85516
38231
50625
12150
50625
76781
48600
69262
91125
25001
66825
97611
53876
22175
48035
78395
24300
97200
50454
35004
44862
24300
31643
90495
49324
83810
29294
48600
9752
94485
22275
91625
70875
88409
97200
33161
94756
71394
36450
10044
5647
54839
80390
62775
70683
36257
73872
54212
93441
81804
85050
99225
12973
64800
95923
74925
54567
65846
37117
15866
35862
3325
28559
46834
80435
78111
77810
32400
77728
52650
54675
58725
59235
83577
34165
32846
50625
84967
70875
9919
28330
28657
56541
90109
14581
28083
83025
54296
68850
16367
74537
41151
71530
87075
35585
50777
32924
17100
97519
28669
12150
6937
65223
96709
72274
35644
7643
25380
91816
81000
76950
63025
21734
26382
69137
87075
93674
64800
99302
45197
26766
86901
66990
1425
54064
13373
44550
98711
85050
52697
93843
70875
16491
30908
60958
82724
78117
32400
2431
46153
31389
21635
26279
91125
58053
85050
23327
34940
20250
40500
20853
56700
44550
57985
68850
7221
37867
83025
38475
77397
63736
64800
83982
58082
3777
23992
22174
81000
42134
20250
52562
57531
48448
3261
18854
78827
85050
92448
59028
42525
25937
55793
1552
70875
42089
48600
14340
78815
49945
60564
35304
52650
69140
45478
81000
72583
32400
29198
74925
78878
54149
54999
10125
89690
13277
36076
62111
16255
74925
85050
15836
95175
42525
24300
19300
78743
39861
95253
51397
46440
71268
87075
95617
3510
19153
4348
69613
5468
72900
42896
60750
68850
74117
87759
76950
28280
14175
70875
90957
67809
45980
43720
40500
52304
8337
39580
45852
46915
95175
37745
12187
95630
95954
26325
12150
21236
30375
80544
8907
16998
76950
26325
76950
30833
70875
87075
1041
80450
74497
37576
86303
73458
28350
72721
55097
74925
26325
41510
80693
57581
68850
22708
51538
35335
25756
66825
17901
60690
51582
2958
26325
6445
80359
80978
64800
8807
42037
36767
4439
11264
85180
80383
31347
48491
51148
61187
7484
42525
83025
11240
15130
30375
10125
22504
37037
31826
48600
15892
40500
96941
61565
18225
72900
83025
77590
53533
89341
71756
40500
77278
60750
33591
78975
47256
48600
62837
61877
73536
15672
22275
99922
4153
98086
53494
24807
28366
12754
22275
78975
21769
60550
380
54675
44234
10125
8149
35110
27795
20670
68116
86728
85378
81682
53801
44550
95691
54675
75421
31588
57159
75708
77002
99708
66825
45619
83351
60750
4577
86755
99879
62775
53805
16200
83025
87075
28190
93304
26666
30375
33757
17542
63067
87706
86916
88439
24642
66895
76247
53356
41030
686
13051
82116
85050
83131
80119
60750
60750
6068
49355
6027
64800
74600
10484
64199
10125
90890
83025
72208
81022
60750
96858
90195
54675
75567
30375
97200
52650
46522
10738
47655
93726
30948
57147
89100
93267
16349
58725
67988
19199
46363
48394
95572
21094
22179
76950
66825
35581
87661
55759
66516
55370
68850
81202
55097
86567
68850
12911
42525
68850
98256
68850
28831
55768
95175
57912
67608
76377
60750
32819
10125
97200
26299
21423
26325
83015
55965
79019
91125
12354
42525
25196
52736
87870
73698
36450
75581
50625
22364
12208
16621
63991
68095
29342
31936
38475
38475
29949
70875
10792
6415
36450
97181
23393
28350
82557
83025
13563
42525
35126
30339
79629
56700
82426
14054
50182
88031
50625
56631
55559
60540
10912
76044
73851
4280
12150
45366
90248
31747
93181
84911
72529
6971
34518
41245
65622
29620
30647
87866
37630
18101
20730
83025
74922
44550
22287
91958
22780
26634
38305
35300
59921
20250
63157
45122
64800
40500
49588
89100
44411
98472
93150
91125
39724
71735
92144
36450
22275
89100
45699
86265
36450
62019
86523
73152
91354
22270
65717
15651
42413
49873
81000
90297
6064
44550
88601
18225
53813
87075
98387
32400
41609
29320
79079
42525
50625
73349
30375
78241
16200
54675
76950
21916
21141
97527
95676
48600
67186
28963
12150
10125
55411
91414
50625
62775
8038
74476
38475
1072
26325
97142
17626
19553
85555
53843
27916
63672
86925
6505
73144
86049
42525
91125
56700
12868
85050
56589
22564
3119
6534
2097
59585
26226
76423
61596
47265
94182
58569
71522
30375
97705
77168
55210
50409
67454
74925
37464
48121
58725
44709
14114
13843
39708
62775
51208
62195
15054
52650
38475
18134
54474
93120
64800
16899
34534
8973
54463
10123
1616
27959
64399
89430
16200
12150
20121
76950
24300
92619
71836
32943
65381
99225
92061
64949
87075
48600
77758
93721
70875
60750
86376
99225
26473
13908
40500
53535
92047
3790
28540
33388
2045
52650
16814
28006
24300
36166
33959
85176
73471
84380
13709
14175
42411
85050
91125
99522
14175
40283
85830
19928
83966
33155
44486
8120
84530
87392
36832
30074
47638
58725
51667
57299
20718
59103
43654
94895
24300
48453
34425
42206
40500
15061
97200
52044
88491
99225
50711
29914
52650
80664
65516
24169
20249
48479
35443
15883
40406
92824
17782
83025
75925
20250
81047
89724
82096
87075
22008
73572
30375
69369
95927
40500
62775
70883
50625
2014
44968
2236
40500
60589
26897
18613
89868
89725
14042
76950
51784
56700
91125
12375
20215
52650
15941
91547
41788
1861
3790
39634
44426
56700
16200
26325
76950
83025
78210
26325
89100
70544
38610
33743
64800
12479
70936
44640
64993
36855
68484
17720
68802
2480
10121
52541
48172
36384
64045
5607
97250
71400
97412
16200
3676
42525
5120
68109
23185
48600
51086
22275
44550
7883
35628
40500
62113
67381
98813
85050
13558
78107
38475
49693
24300
44550
90935
89100
61836
79246
97200
82871
85533
49981
22275
42525
33900
85050
32400
78975
44780
51626
70875
84896
74925
25446
16200
27114
61300
96112
49768
4397
4460
21823
19007
31684
1721
57623
10888
76950
68850
78975
85396
89342
55015
39693
64800
6278
92219
28905
38882
71450
49108
6989
72633
24080
32400
98314
45823
82895
71200
62926
21102
84869
21801
1778
92728
50073
90333
56700
91125
25055
5025
5064
21115
30966
21333
13049
99193
13198
68850
36450
43075
18225
13441
60947
24072
79301
49496
22275
78975
3371
34570
69145
83206
89585
98143
16200
42500
9839
70089
70077
88560
57361
372
48466
12560
26311
18225
16691
19607
30375
91125
83025
60750
66825
47189
69954
82785
78975
47381
76950
78692
44550
38821
14151
71532
71337
29527
56700
22275
12164
4637
76122
34425
94741
78459
55040
14175
64636
97200
75653
16200
48600
66120
44554
24301
63712
47924
95490
30061
79859
72900
95175
62884
58725
12150
39983
81000
24300
86670
85325
68455
22392
83025
23063
39430
82286
76950
47663
16393
2516
39885
97200
93150
71744
44550
85278
30829
29295
36114
60482
72911
28350
30375
12150
10102
19793
56700
61917
58136
61486
92974
74925
85844
64800
26268
44605
72317
58725
46575
83827
38074
28225
59165
76348
39670
73379
62775
22731
74925
53289
61203
57816
99428
42192
81000
74925
40500
52650
33229
96164
42864
87075
83025
60364
83025
53846
42525
28720
35606
78580
32569
24620
40387
74167
75276
45214
35320
44550
72231
93648
97200
52593
66825
62979
54675
68730
65608
76893
12150
81000
62782
38475
91092
65475
20126
93746
12453
21878
38223
59544
59424
96317
36877
10809
42522
1549
33207
67553
30375
49909
51446
60750
28672
28350
95493
93955
64800
67878
63988
61740
19526
3679
66981
50625
92817
48600
99611
88192
64475
33198
61257
79025
61987
98780
23024
97053
52767
85973
11597
76950
97200
76950
68928
7785
39002
86810
458
33726
18225
16200
83025
87323
69482
41608
76578
82447
95867
70585
11898
79243
53131
65837
20250
52650
5749
18225
4557
57817
36022
95734
18895
93150
33110
18225
13594
54675
47354
52650
68193
53282
16853
58
1073
44267
34793
9029
40543
14175
18225
27830
93707
91266
81162
92226
64800
36591
94033
45349
86174
15057
65776
87710
85050
91019
11733
48670
63276
17764
58725
7639
590
52593
19408
63882
47869
60750
84135
94707
49042
43234
88663
98446
73142
87075
13453
95175
48600
74925
89632
11084
75756
42799
67851
48600
20288
70875
95175
1065
13344
37984
75644
54675
10816
56288
22744
25070
4640
96826
72368
9420
47944
24300
29833
52704
96204
1020
8227
24300
35671
97982
46101
69295
9286
80466
6582
76950
79588
43602
57578
46575
10125
89327
57397
19108
71450
11730
22425
42525
67707
8301
83546
27584
60750
93043
27468
38475
99225
5902
89100
70875
61462
84002
27754
59991
8098
61337
75445
86399
20250
75692
4612
63006
59389
60750
95175
95175
68850
91186
99442
74925
16317
65015
98316
89042
80164
1003
68850
75304
45142
95175
14175
36450
59267
65028
36450
69050
34215
81000
26325
95175
7805
58725
10125
60750
24300
994
56994
20250
66375
17463
44550
14175
41503
44550
60810
31034
25979
60750
82576
45789
68930
75920
26678
52650
40500
93150
75957
67821
14848
58725
52132
88665
66625
83025
89100
42029
5472
96384
64800
27641
86780
70144
36450
76950
10125
87075
91125
21020
88079
81000
24061
26325
53520
99225
83025
71620
62775
14751
13380
66938
97200
59428
16905
54738
46270
87584
50625
54675
56546
95289
63137
6318
38813
12448
5963
63371
62075
90569
45875
50418
31544
12130
92110
26163
60750
64935
81000
68850
99225
70875
92312
86384
74925
34425
85050
91359
77014
65220
13256
73828
78271
44550
9943
94244
4812
52650
21130
99225
90268
68762
70848
9162
67190
64800
28350
30938
91455
21446
44550
79426
64800
34425
5137
61067
89100
22275
95175
73079
87075
89100
10776
97534
28277
87075
80035
71180
85228
70875
26367
60235
26847
93578
86843
15303
97617
78975
57425
12406
487
70875
40500
72523
63295
27727
95318
46575
83440
31168
24570
17071
31143
38475
61546
1975
33647
7816
68850
25561
44550
73115
26325
14175
78319
71165
85716
50161
27271
91125
37853
35137
32400
57573
66825
2541
65669
57024
42525
89004
5570
18225
32400
48600
67716
9830
94005
94112
91125
19768
68850
32289
32034
91125
90083
68324
47761
27285
52742
96578
90640
85050
72465
38475
74456
62732
76950
46575
13120
58725
57288
40500
36450
76146
70875
41038
36450
50173
40334
54675
69915
62052
68850
70875
82000
48502
91125
78975
22275
46349
83025
44671
83025
16932
78568
20312
74925
33384
15060
19583
83708
67726
81577
16200
12150
99059
35778
66343
73627
15764
1152
89100
95003
12150
2476
62467
21891
22238
78975
3053
12150
97200
93150
36450
99225
2228
83025
24317
52650
62775
78975
49074
86148
95361
43016
89100
7635
64841
48600
24159
38475
44550
42525
96641
8353
19134
89328
14175
99225
95175
26852
56700
76950
47035
80090
72408
14222
98317
41722
21420
24879
54181
70730
95175
80164
78975
39703
16472
28350
32005
10125
68634
23152
16200
78975
62775
16670
79044
50625
87519
85050
897
49932
10913
20250
26339
34828
92129
79957
35544
14175
51367
72247
66831
74440
43808
54675
2022
19092
34236
50625
87075
8957
18225
61347
50625
42729
72900
72900
18104
83025
96478
50625
10231
58725
33149
37754
68850
24300
8413
52101
79710
80239
2083
83025
88893
64800
87157
39702
78867
53803
80431
97200
43022
46575
98426
89117
56700
29972
3510
12687
18141
93381
79740
74925
9440
27367
24125
87415
31310
93276
24371
14175
68850
35496
99114
56700
8955
36450
50760
84961
75050
12319
74925
36450
65357
43476
40871
36368
38134
52813
40500
44370
71855
22275
95131
82802
98704
44550
91125
70875
18607
84055
23725
76851
72159
77187
12107
933
55618
46589
62630
55629
82154
38475
14518
49816
95213
53727
76950
79485
60750
36450
50071
49566
40500
12373
18225
10125
5697
70870
91953
51330
52538
37551
85050
89100
68850
58725
84833
46575
29461
32816
52461
17366
27602
59565
44550
4090
78975
53152
79950
45182
49797
430
16200
83025
50400
542
91728
31109
31363
5335
84210
50625
89172
18148
81000
72900
68507
26325
68850
34425
52790
72984
82296
91125
89100
54675
10643
51961
12150
32400
8578
72900
12150
19224
88302
58725
18225
34425
59051
30375
71163
64416
98026
32400
12150
85050
40399
16563
75045
68850
64303
68850
29461
27236
14175
75328
85900
18225
976
32400
67407
58249
89100
58552
7033
16056
64196
41944
28837
45412
3389
68326
22275
90973
73695
69707
70506
81000
76158
96150
77208
66143
15412
21974
57927
4349
52650
55638
90126
47450
83777
30036
11505
78975
16200
35601
40324
78975
76950
31116
95175
78975
19375
97200
60750
63549
18435
34142
81959
95756
56939
50625
74508
30085
29302
62775
40500
14718
40500
96434
15958
64800
11521
60750
93150
93150
26325
25073
36678
75294
72900
48600
10125
78975
60026
99151
58725
1108
24086
58346
14175
25814
56623
87075
56700
40500
21120
16200
78975
38443
15613
1433
6473
14087
38475
6162
93150
16378
26325
16047
92426
16085
48600
62775
14555
14787
19205
18753
506
4387
24223
39185
67222
9829
58221
50625
85852
75233
66825
39234
73758
54675
64187
85060
28350
66825
22275
60750
10125
30375
96533
64800
99363
26325
92056
60750
83781
30281
58229
62775
40500
34065
19914
72383
31832
63773
42251
76373
81384
60695
76931
48644
80204
36065
24300
698
94330
36744
31820
66585
10731
44550
53831
86125
20250
78975
50625
71737
11834
28764
99848
73433
93150
40500
56240
56013
32723
46575
71766
61496
14727
32400
85901
34846
27881
13593
36776
5495
28296
48600
98117
68850
48190
1442
70875
78975
12370
63264
12150
3776
1359
78975
73163
24300
96244
67243
59350
99289
68850
41096
34425
18767
7633
21274
50625
83025
27218
85050
38720
63682
84413
20800
38655
50625
35891
89723
34425
27133
41366
48600
87810
89100
95774
90006
18795
80041
70875
95175
47212
63438
3474
83025
18942
91902
95175
79306
46242
19081
39690
99780
16200
24300
56682
90010
34592
93150
96129
1270
83025
75144
52711
96517
62775
66825
14529
71256
50292
46323
13346
46575
37761
33570
50625
26281
28876
72646
30375
98530
58842
19378
44456
30375
56700
91741
41974
73796
84610
51258
47472
83025
22275
46575
91125
75448
20109
86126
44065
38475
21316
19530
76950
46252
45659
35940
63071
28843
64833
56700
78975
92845
72900
47513
7812
95766
43284
9948
79351
53629
95514
49530
67305
10199
85050
64637
35464
23703
85041
48600
11782
62775
84231
45664
19232
67458
23757
56289
53623
4153
40756
59507
76778
29515
49413
92553
54675
29760
16200
63717
46575
10012
2219
73270
70683
93150
88582
93150
87746
87075
87957
83741
32626
36108
23838
74036
24809
41481
54376
70061
2866
62404
78388
34425
32995
88180
72900
79173
32356
30072
56700
44550
46354
31815
63897
27073
10557
28848
91151
15964
56644
28350
27221
8152
91125
53199
81143
80268
9706
14175
13061
68850
39145
27732
28350
18225
97391
99844
54675
83025
5759
67792
36585
16200
16200
10125
56700
8386
26042
36450
17063
58725
30375
37880
79498
2967
99225
95175
10125
24110
93885
96097
51158
83025
18463
85846
72594
5297
96776
5471
82427
18879
23737
98746
68850
24740
96786
32629
34425
72900
45781
96349
94658
57858
11065
28350
30000
92539
44774
90052
63665
23094
7712
52650
56273
34929
28350
42525
38475
17719
62775
10398
84276
98469
70875
9180
25963
46575
18293
20250
54675
30375
66825
81751
18317
79085
22274
35
32400
71005
30553
69848
37287
72900
81340
49902
13213
46575
97200
58725
77606
96186
35684
25432
86590
96100
34378
40695
28350
38453
56700
27666
41276
33922
97200
63155
96774
28290
51315
11133
72900
93150
50625
25052
76950
10690
55399
46575
28350
77251
85240
24120
92791
7078
36450
24745
22244
98312
52650
87458
24153
73029
89100
75043
47239
50312
1967
55695
40441
17218
12820
73170
42525
73884
80540
25701
66825
28713
24942
15854
44550
72564
98325
42525
30471
15318
69569
81000
34530
73464
47945
62546
13865
64800
47064
17746
20858
4854
20530
57506
24300
68067
48600
74925
78975
95175
49681
61536
80730
85828
44607
80550
20250
10480
12369
66825
87563
92839
39779
51811
10125
37132
23156
20250
5122
24300
81000
40371
10125
93367
34425
72900
32297
20151
95296
90751
23702
83564
92031
16200
44550
47258
54411
7589
29311
85748
31437
53258
38475
61408
18523
62693
14175
76177
24300
54926
95445
82671
56700
36450
66825
70875
38475
4013
28350
72916
47935
62775
7979
37563
95232
27831
32920
93940
115
12358
85050
18225
35027
81771
52531
19095
88051
25622
64181
78080
95936
18042
78975
38187
87367
87200
83982
89100
66739
64266
22652
16692
12150
28705
29833
66825
60243
50592
74925
9033
23561
41784
77576
20110
5129
46575
19175
27309
30375
69186
81000
14157
58947
34041
58725
93702
87760
56236
12150
5017
75764
23238
79736
49305
27601
9708
21093
85050
24300
87048
38475
39157
78292
29652
94509
30375
84693
85289
44925
18848
91358
58725
14472
92030
62775
48934
81543
18388
824
54675
77976
16046
20631
69622
42525
47131
87075
24455
76950
58988
66825
51221
16441
22555
77882
10125
40849
60296
98730
28221
23999
30592
280
5419
89100
20028
18903
57657
23077
64800
42698
99225
79645
71945
25395
64800
16200
78399
9590
99256
7761
22982
21664
63355
81000
70822
96839
39174
3737
13979
61482
87468
16200
50597
54952
28641
96077
59141
82837
85050
87075
86803
52490
62895
41888
32332
87170
97809
37940
25064
3100
83801
1533
55303
96549
81524
77858
34036
93252
27119
46142
30912
60750
48600
10125
38475
50181
37282
23363
99225
18225
93833
54675
32400
24154
45477
54675
68850
96771
66809
82170
34850
14342
79636
84160
76631
91125
86258
85505
13324
72900
39678
28350
62062
9995
12150
96140
65941
26325
22275
18515
73192
54675
20250
89100
72900
13114
36450
62773
54675
91550
42810
84455
18065
43693
59
98019
60077
99225
98206
93899
56977
95175
47622
95487
40094
88734
81011
82606
81000
20020
78677
42525
3960
37816
68235
97293
44550
42177
46799
33863
22
80402
38475
26913
61406
26325
1265
46575
23209
8934
9104
13144
52372
32896
46575
72900
12150
10134
60750
90963
53452
72900
70133
10125
70875
70875
91320
79949
71796
94771
95010
85667
1466
69519
50625
20357
60750
11771
96776
81168
20972
18225
84727
62775
81285
78975
73576
38119
69910
14671
3229
97200
35835
81172
79278
1467
37008
99225
6843
93150
67788
13353
50625
48600
26812
78958
73664
8800
32400
35439
39147
27274
15236
79273
66568
99335
91043
70230
85050
52987
65030
30226
15891
30558
55145
24436
64409
97200
20250
95175
38200
24300
88789
31404
42525
28608
28484
1292
24300
50625
3986
55000
62775
12150
41853
81000
85050
92781
89100
90167
85929
42831
32400
28409
56700
51192
8915
56663
36450
87075
55533
54675
14682
56710
86659
81000
89436
10904
1793
83025
33676
89100
58725
3690
46575
74925
57235
26325
28223
68850
80001
96422
36892
96909
74859
72676
17623
81702
34425
5392
67456
60379
95879
34419
23394
36740
85050
62775
72900
87075
94442
66825
20250
97418
64800
16200
83975
44652
68686
60750
16922
78975
67586
34425
69634
22531
84249
87978
1295
40337
30375
81365
14192
29395
3089
10346
72375
29849
44246
23064
64800
14175
13054
40113
68850
14151
60750
16224
74925
40797
20270
93348
70875
63627
37567
53256
85208
50625
32400
22275
48495
56700
97200
94449
1611
24300
63049
98995
89100
56700
95870
60750
54675
52711
33728
68804
38927
82103
31764
92789
60598
12150
44428
15238
87887
24300
13576
96923
5820
89932
28350
31117
51296
72947
40881
36831
35605
57175
24853
83772
60750
38475
62793
74925
28610
85165
30375
28360
78425
43043
82435
60750
36465
11106
50625
62775
91125
53566
87080
76359
76802
68850
42234
79141
98249
78975
89725
40500
18225
1963
8164
27884
18225
6992
10964
58425
31994
56300
66825
73065
70721
50625
62775
63069
86141
22275
99225
51776
92966
9778
64811
78413
72068
65186
67432
54675
34425
68863
58817
81000
66825
75946
86785
51091
7522
81000
44550
10125
36450
45022
28384
10977
12394
89900
505
63966
54675
54537
31675
74071
60750
26325
58725
41558
99042
71232
18039
67201
70875
95357
47692
72900
97200
64350
20250
17692
7794
45326
57623
34425
87075
68850
76111
76532
41434
88610
45657
99225
54675
68896
38475
331
80336
87899
22214
13568
38475
93725
50583
54675
26115
58725
10125
66825
14596
54569
28965
70586
40380
44754
30652
99997
70875
42525
87487
26325
57834
44139
61650
62463
55998
5096
54675
85852
28350
30335
16266
56700
7822
18225
44550
58773
82549
83949
15886
90342
48337
53279
20250
90672
73356
37375
12150
40500
22275
39781
97200
14465
36985
486
72684
74257
28587
76036
12150
7479
34425
44550
10119
74797
30236
65926
33783
60750
25043
83025
99649
39995
66825
54028
54114
36450
18249
49349
56700
34425
12774
81000
43447
58725
13301
22267
56700
81987
24300
79301
32400
42686
75234
91188
2051
66825
61708
95721
3659
85806
59728
44908
16200
74843
18209
57247
17372
10125
92231
51491
68338
78967
91260
7524
20765
52650
12342
82568
774
81000
31151
86698
48152
64217
12150
96635
13370
87841
10040
69810
91125
29900
1136
52716
70649
52395
48600
72900
68850
39561
45501
35526
45776
16876
23631
89753
83025
91125
70621
28350
17723
75257
90257
81540
46575
48600
50625
79315
32558
444
84734
54675
95614
35341
6943
26325
42525
99217
11671
70875
21008
47156
17709
2277
28133
95175
38475
31966
59352
81000
50625
89100
71693
36450
81000
79584
91125
52650
87931
29074
65113
26383
42446
76950
77908
99675
5942
61094
83347
80476
66825
16200
73534
42525
99245
32816
68974
17826
39460
72583
27249
69520
13278
72900
51434
89110
12432
78975
24744
3175
86850
34378
90860
54854
89100
76950
45130
10125
84393
25192
66529
63888
57827
51924
65522
52
34425
28350
46521
13638
1724
93620
85050
76865
3364
91221
91822
23905
30293
30375
79493
48875
30375
33789
36450
93922
59708
6047
68850
89237
14175
91432
29114
93150
26245
38475
35155
21186
74925
68285
41454
63667
87075
52345
76854
20250
42196
74903
98183
77310
10014
32717
42164
54388
96157
27080
98305
48039
28350
29364
99384
3372
61133
44451
97200
11826
46190
5543
83025
89397
46301
49773
15982
44550
62775
97200
85050
7407
76950
70405
93394
28140
18095
26325
87264
80535
64800
49621
16203
64778
49493
47623
96610
10776
43354
76950
6079
42525
26325
62429
4199
88602
26164
60606
78975
20250
50938
74925
47801
74107
38658
52650
48818
28350
82642
34425
30375
52988
16200
83025
83025
59549
4282
90133
39291
53001
33504
68850
52047
56700
62775
28385
20250
14596
78686
95931
66685
22899
87075
68170
57271
91611
88222
46532
19024
87075
35424
34425
64800
64474
11879
31260
56700
17072
40208
16741
93692
57431
12697
8506
31948
46575
32400
63511
67845
91552
10125
10125
60824
23170
38475
36855
5746
24121
36450
65155
5269
9498
42452
12956
17891
51640
84583
50432
9578
42525
32965
76530
28350
85050
68850
87075
12150
99597
76950
40500
90328
89102
25059
44550
98948
22028
6545
14175
97200
89743
11495
94372
89134
10193
38058
5252
35500
37031
99225
16803
8832
62775
86881
78264
1587
87075
44556
70875
52650
7272
73151
26860
30375
3379
20250
51664
22275
20250
50625
65909
41618
47585
1113
44550
66825
60750
38475
99720
48621
85050
59377
70875
23236
21625
54624
32400
91721
38475
98762
16773
57188
76950
25921
67814
97200
83797
80462
52792
35963
74925
34425
30888
13087
73707
4104
2463
38584
57356
56312
58725
20250
91611
28350
88397
54675
52650
60750
20230
94239
21641
21348
16200
38475
67358
3261
38044
75148
25386
53947
43440
29066
97530
76950
98045
86940
5286
66474
76110
87776
94498
95764
91643
51554
32683
95791
24736
24300
36450
40612
50220
81689
40074
64800
38475
93150
80804
58725
77818
24300
12483
56700
46229
55118
81630
52916
42869
25940
89100
90259
49094
91989
46575
56700
74925
60494
10125
24412
85050
7188
55878
37074
87075
42525
22275
46563
14449
78975
86773
26325
73099
97784
2920
58963
91125
5865
44550
91125
26894
66448
96237
72588
92238
93751
6023
63379
34556
178
15760
5460
61315
32400
42525
72900
28350
14175
12324
57319
89100
66165
47071
50168
40516
17237
50100
84081
32400
11740
38072
82838
83050
83025
58812
45043
39529
67360
24300
43375
14772
74925
95175
18828
65614
69490
61128
2221
44924
44550
12636
68818
33874
70875
24583
87075
39282
95154
68850
28350
49793
40500
47077
53819
20807
32502
72995
79269
60750
36182
56821
57236
22739
36450
83535
93992
68541
95175
29089
66926
99603
70875
20882
93545
47800
73025
34425
46417
66750
43480
16200
16826
58459
16200
222
79984
52979
93150
61101
23083
28350
58447
94211
40500
20314
58725
26217
37865
16133
92912
86754
38475
93150
64615
56700
37634
12150
19610
30191
91402
60544
9332
45915
90295
80024
48600
98864
17570
70875
22322
41637
74974
781
24300
42525
64659
43063
23498
83125
36450
77508
32400
95491
93585
17435
95323
58725
66844
34425
22275
79850
37028
10125
10125
72900
88838
8982
78500
93150
17716
8944
62775
77435
34514
77770
34183
27237
41215
48600
96051
85050
83270
60750
42280
38475
50625
12587
89518
97200
25581
91346
38475
20211
50625
1113
66825
72900
12150
2240
48600
48680
51578
22275
64592
91125
14175
84608
25453
44550
39500
85383
94617
22275
3231
8779
76451
20760
3205
68742
79118
58725
46281
4229
49679
14435
82587
78975
25252
81000
30915
71145
14175
30735
59769
58116
62428
17447
93150
870
48368
50208
18919
32400
42525
16061
62775
55700
76950
75451
42525
14175
86431
31087
76950
85050
84161
81000
30375
85050
32400
22275
10125
11767
77938
78975
40980
88525
64062
55888
54675
83980
95175
62775
77961
80422
24300
80878
17883
42525
90929
89702
24300
16517
52163
99225
65285
4130
97200
34425
97647
10937
26413
96384
42525
72201
17864
16200
91125
93150
65420
71958
72900
4863
87075
20250
22858
58721
71293
73948
50717
67920
61717
16200
44550
80402
34580
75190
60082
40471
3057
99477
95098
12944
32644
68590
34199
80576
64144
15584
86354
10136
11763
20250
80185
14867
84809
63895
60906
81064
43018
36450
22275
47648
24900
63861
7830
48392
50625
78975
43269
12150
95234
52767
5451
2367
93739
44911
93868
94386
56700
14175
91125
47126
21545
76839
88350
81000
12731
24300
42525
46102
74925
99225
87075
39174
60875
32400
30375
15502
43195
56284
95131
5177
62775
4755
48600
78975
41236
73667
88402
78975
89889
32606
64671
45975
12150
74925
72058
34816
30375
33587
54675
1287
86097
10125
36450
50501
38475
14372
69458
14512
70875
16200
68850
35082
22275
28350
12371
40113
93237
62775
17979
67385
92109
40500
18124
4180
96790
11062
79828
97200
35542
10125
76392
44550
17833
68850
17710
18225
76950
46541
1507
67928
60750
47819
3991
64800
21830
73139
24784
75117
41337
33787
44473
96559
30909
6440
72900
97200
54203
41213
87846
8953
97200
67697
76991
18268
70875
95703
38475
85964
36450
64149
11024
22300
70531
14215
32400
8503
33160
71690
88158
62498
65181
72853
87624
151
83025
30375
64800
18515
66825
83025
70875
19669
88158
22275
32094
59281
59397
94140
72900
93150
18778
92934
22005
43926
26325
56700
34425
99720
58725
48633
26047
933
84275
50625
58225
516
97266
77873
52851
32430
8414
14175
30248
98041
99876
18455
77511
95175
3186
46746
39227
63155
89100
99225
98558
34370
38449
60332
98919
41553
89861
65030
10340
87075
38475
32400
28004
72565
70875
24300
93150
64190
35833
68850
90899
94958
86090
17523
51434
66825
59882
96813
81845
70875
19292
42525
58796
22292
58725
4444
40500
66472
18716
19846
35609
63755
76950
36450
52650
82428
36450
5871
32974
14175
48693
96053
96255
48600
99225
93701
13764
21568
66825
82333
7372
87907
76900
28627
60084
56700
32373
4100
44550
28879
10125
66825
58725
78784
23638
24300
22275
66566
17800
5402
46346
75273
29406
75468
46441
88184
83188
77849
58725
70875
17876
75786
5526
75771
99225
58725
45084
66086
94356
36450
99225
80354
60762
83025
33688
97200
30661
41986
10636
52650
1545
46575
39779
86835
76950
66825
74925
70291
33551
84194
65329
96497
80104
33800
25585
45181
5930
52064
97200
93150
15019
29913
42525
12150
32442
46575
72900
84677
72900
6933
97190
32416
66906
5910
83025
42349
70569
34132
39819
82576
60226
54092
28350
65370
38421
8938
16396
29430
91125
38475
98143
10014
16200
95175
35281
8751
44356
68850
56700
91958
28837
30375
17581
61150
21485
94601
43989
22275
86249
23960
42544
85050
59034
99225
53927
97200
74992
73159
6907
17640
85220
44443
67022
90875
26325
76316
39552
30375
60316
10782
67103
60997
74925
93253
63516
74777
97733
20025
93150
15934
12677
70226
38475
74925
99042
3860
41717
14212
47551
60647
76298
68850
43031
12150
92271
9127
14175
49646
40858
10125
54675
9171
62990
4503
95795
99225
36240
87075
35405
77023
64075
38432
39715
60750
22275
20174
32811
32206
76763
40500
75275
73526
20250
52650
63134
9804
14524
64703
48813
91125
36203
72900
16445
93417
60951
70875
62679
74925
12223
20250
11894
70608
46575
89986
56003
40500
58203
50738
81276
89393
60260
78936
21600
2961
77748
81000
4457
32400
76950
94940
78975
68789
7066
34425
29906
13150
64800
85566
29897
23850
96746
71679
46575
31301
31521
18797
3953
82301
13837
28653
15323
85472
20250
35589
54675
24300
62775
16504
32088
73863
89100
28350
34425
18040
81045
6451
82365
10817
54283
31069
51338
96474
5436
95482
20486
29009
59027
59256
92420
25846
41528
91125
99052
89140
62775
2137
41464
87172
93465
90857
71913
87679
91781
40500
5070
62891
70875
50625
65708
28350
73404
58441
93907
35258
80506
4577
97393
35345
84453
47750
78021
73827
41252
7513
42525
7312
34755
24300
27205
27868
20250
44923
72900
14227
47615
41034
52650
93433
10719
45023
29723
34271
10805
83025
44550
2801
60384
15984
15590
64800
74453
52650
93150
7498
11784
86461
96482
26325
56700
99225
74490
2851
20250
67890
37095
69846
82239
89449
51628
78924
49126
99225
95588
92114
53829
28350
67251
68850
97211
39875
32860
20250
78271
36450
66759
43059
44550
51236
58395
29791
42055
62813
46575
64421
62800
87075
91125
14707
12150
10125
24300
58725
89100
69470
39696
77913
85050
38967
8642
87075
60750
9769
26261
39276
74925
95175
56298
1464
16883
10626
24410
14175
71106
74150
8268
55224
35416
99537
50441
30388
73016
81000
26199
32569
58725
53015
27533
84699
30375
20440
32887
96824
82905
57347
28350
52228
14027
34425
48600
81000
3766
55711
5773
20637
30375
36450
26325
46575
46078
10537
64109
20195
10370
49946
71434
80033
74074
53113
66839
57421
62775
35619
57516
18225
74925
46473
28748
29523
56019
44262
14581
97584
92330
62775
89182
62775
90866
18225
34855
85050
56700
82223
60180
91125
74712
13979
5763
82202
91077
28350
57388
30375
42525
27647
73257
5861
22275
76950
59101
95400
30375
83025
59323
39046
76950
56625
58151
68850
16438
32400
67945
91125
58725
53869
16101
29853
95175
30993
28350
37800
58684
51959
45488
56498
78047
23831
89100
2928
89100
66956
76950
65582
45695
71735
65056
81490
24946
66595
53614
13625
88468
24300
17094
92546
27470
7670
43682
91125
22992
76950
87817
46351
48600
24300
19219
31078
33170
33285
16200
22810
66283
26325
24018
80876
59464
26325
59512
26325
49412
49166
66491
37781
61236
43188
44622
91125
83138
97492
85050
46178
74416
30375
92703
89100
89076
76432
89100
20250
62775
40942
52970
89999
26192
87415
85050
40500
65581
47546
31720
46575
60990
85050
38475
12150
19942
36450
18225
3889
31353
13699
72623
32386
74925
69367
30375
44441
91836
87075
14094
52208
11615
25709
50594
19595
37915
70875
40500
26818
97200
53663
99225
14271
81047
61644
52603
70795
53708
26563
67137
42525
58061
53269
15502
66676
97041
12150
17766
12150
85861
33127
93150
97200
26311
14666
6744
68099
58725
95175
26567
40500
23989
89100
31980
87819
54446
592
98882
74053
76950
44767
11603
46575
55252
30375
48600
92974
81000
82120
83297
22084
36450
81596
42982
68885
97168
20825
56549
16200
5852
22341
43463
93150
80002
83482
95448
78109
38390
58725
25564
18060
79692
79229
30375
575
55216
56700
78791
5204
29870
89100
22275
9115
97753
4649
96972
12150
43890
23030
32168
32400
75405
68850
14223
18395
4777
44866
21529
64800
46108
58725
29431
96037
98969
28877
91125
2424
56852
38793
65413
80887
28350
15238
95158
92827
14770
6043
62077
85050
19426
11338
23786
69344
38475
93150
57294
38475
72900
56387
93961
99635
36450
18480
35966
3467
70875
36450
107
78175
67494
62775
88545
42525
23268
24300
12293
85050
96337
42525
35619
96917
96490
65408
33692
20383
60750
36450
10030
86033
71500
57165
66825
16200
28350
12888
40658
31577
83846
46575
29743
44900
50625
82477
23957
30375
96564
12219
46837
46575
65749
56125
92174
93079
13430
87839
12718
53641
16221
95175
4117
50747
93081
64683
40185
97200
72917
94988
69680
91818
55629
66825
76702
60182
15402
44604
81207
43485
9098
42525
20250
58142
70028
90390
46330
73333
81000
40599
60974
36158
22035
66825
36948
10125
66825
22275
40108
32400
95859
78468
54268
85050
20250
5395
97200
18314
12009
42525
96998
67872
50625
55223
93150
98412
10410
81000
10125
66825
28350
92645
16200
54167
52481
39087
40936
66825
14005
15428
56700
75455
37156
20250
65707
28350
61063
27568
4290
42525
48937
6943
20250
11574
48500
67503
64925
68071
48600
50481
56700
20250
32000
46575
40496
11038
40834
18848
65891
81385
89100
1747
10125
41441
87314
31176
32393
41718
96994
59352
78799
10125
46907
72977
55001
45061
74530
1376
60493
50625
13458
68614
67287
56087
28679
68850
86681
10125
48600
28350
12353
87075
36450
22356
98724
27771
38534
99264
97200
32400
11727
28280
6631
12873
55581
89100
56279
45501
52715
5489
83025
59836
46575
85489
34991
80910
28222
94861
87075
57241
99225
74329
66277
82944
40500
70875
65834
16371
38475
52604
52650
42525
60750
83817
22275
92675
13543
61434
28895
84992
93150
58725
74411
80398
36450
70814
79326
94718
35080
64800
49170
50871
9920
98160
25639
97039
93520
90362
76950
85538
63075
47333
36235
50625
7577
36771
26325
41855
5180
24158
25970
58725
60750
73060
20420
14175
58725
32579
25402
82747
20250
10276
20360
66109
88329
28350
32130
51301
35089
98757
27510
18225
28350
76950
28350
96732
28350
66825
34425
72485
76950
50625
91125
66459
17053
60750
14175
68830
60750
48305
40500
32400
46383
11930
16923
62775
85675
7720
30375
69428
67935
2034
60750
59187
46344
76321
42525
57411
78188
10047
80637
89643
33331
20250
72896
27482
30873
44550
8263
48430
60750
50625
39207
64800
44550
93150
32400
86142
60750
15533
22275
16800
29972
67653
79223
5706
34612
63886
24761
7490
89100
90877
72408
56921
42169
63024
95103
37476
9935
62775
28757
67714
64800
93188
14848
99646
46653
17063
21050
74385
2329
99849
95175
41929
15184
70875
30375
63424
32400
35880
81122
30375
43313
50625
89472
51700
92868
38712
46575
97200
47979
29587
99639
42006
40081
44550
60138
26325
28350
65083
65242
18948
62658
59605
85100
57195
30314
90639
53157
12150
79991
64800
11730
40500
3829
31550
64800
78014
27336
30375
22275
68787
99361
32646
29783
72900
73340
50622
66825
94211
47890
40296
21908
36450
95175
62052
48461
39514
95164
71158
16200
49255
84064
17851
24300
52650
15991
93138
62775
50942
99225
97181
54570
14175
87075
63991
81040
31914
66825
42605
78019
34612
60219
86242
24499
23918
26325
12150
65005
9291
10125
87358
60750
89203
37129
24300
6404
27315
44550
48132
58725
28256
52650
98213
26396
39165
65744
50625
81000
34425
13744
16200
63039
76003
85194
33663
4272
3901
81000
96609
70379
38475
34889
81267
64908
4912
28350
74969
83025
28350
61113
83702
20673
45923
50625
57412
82934
52178
91220
90038
94015
2298
39062
95014
79059
88066
55288
41433
10161
24300
73467
21814
26325
25614
47115
84904
50625
28598
38823
50625
32012
20250
26757
14308
8855
24300
80672
37505
32400
81000
60750
74925
62692
48600
89100
75919
44550
47986
22275
70113
41622
71334
85839
41966
12150
82291
52711
97097
34425
7690
97599
77599
43351
75818
60549
85841
54033
26664
86563
60750
66679
97200
32380
14175
52380
97200
54851
51561
7051
11518
77617
83025
48569
114
42930
28990
75948
7624
74925
57935
66825
74925
12967
91125
98210
18870
83184
71093
18225
98347
16016
3618
58725
20533
16502
10789
27787
36450
24556
42525
91125
92081
25198
77359
96229
17472
58725
6335
25319
74925
76246
30432
36450
77232
31545
26614
38475
75651
17521
1458
95410
15263
22275
10125
60058
47034
35222
72574
36450
22201
58725
63421
68071
87057
83602
81000
78975
40139
96920
53648
86416
60982
85050
54150
16266
67237
49819
881
34391
60750
8955
74558
51088
89283
78975
89933
42226
52650
85050
65379
83224
2446
36072
40174
97216
4301
8603
39214
70875
2888
86740
48600
70875
76328
11569
76802
84567
76950
14960
37813
18146
51908
71633
24507
6287
84177
80580
66277
36450
15466
19892
32910
50890
4499
39574
24139
36161
26325
9442
69376
16144
87885
93150
36450
55086
48913
21575
59929
25308
68850
85215
49039
20496
68850
72739
67125
94100
9456
7380
81192
59040
87075
18225
42721
58017
85860
9706
39926
98590
34235
73018
66322
30375
26277
65849
60085
41455
49830
15465
81888
5471
67785
32400
56700
18205
48431
83712
61681
78664
49733
12703
67968
72017
18258
32578
77720
96129
31750
22874
43584
37459
84441
10076
26860
73560
96239
60484
48855
87789
5009
34915
84276
14898
75663
24339
25173
56032
73675
97639
46088
96350
13889
17401
4311
96499
71999
61211
2224
10128
325
30452
76860
35855
47687
5690
84960
63446
78410
45209
35536
77072
84568
19454
99099
60784
2442
92385
62024
28717
66253
41023
55318
47585
81020
64928
56343
84796
80612
52324
80273
57061
53918
40673
61869
64256
14885
28812
29678
53398
26716
66840
83092
78183
95175
39136
31967
52373
56151
72640
69563
91320
18750
97732
35093
42781
42239
27995
72112
1558
1494
82461
87612
83782
85246
51590
10751
18932
20193
86617
67624
841
59063
84310
89971
59467
77690
46237
29536
42776
37918
57998
69584
81314
84470
25037
99923
84642
84557
59137
47837
490
71640
84211
2191
28652
95483
98800
10421
48873
2577
81080
51775
24441
47535
13547
86872
97099
3834
85274
16232
56731
52189
86800
31207
55143
16452
80976
35656
74288
80449
58211
46519
17598
48937
69883
68974
61079
81569
17931
17847
55103
380
31751
35360
30332
83194
76636
58081
73835
50025
84855
6543
47426
89366
34346
44581
70415
55462
7280
51488
62198
79910
59373
84900
48066
46841
2575
96271
88714
10218
25512
46316
84094
71477
84545
78760
87180
33103
36941
21732
13877
38717
89202
93130
85585
85843
8051
92073
45971
83657
43102
71268
29776
74152
29720
52724
32519
80132
92302
91731
86025
13895
80709
5863
57773
96379
65636
98755
92354
54270
8826
24395
21138
41059
77523
46355
89471
907
87057
46361
70411
51892
49196
59126
68240
36326
4253
68810
33355
89554
45460
76605
80682
49417
93963
33087
80939
28402
62357
96149
65207
13602
49430
78950
10903
48705
4359
45879
86593
20724
69313
3889
35893
2949
45999
39443
48868
45687
34212
21635
74358
86817
87821
89722
53640
10982
35686
3862
58034
38553
24462
24598
82615
14046
80874
47588
42304
1568
70611
23716
17196
54413
14683
97221
27125
29055
75644
58304
3461
44510
17020
39890
97935
87414
5222
38455
40178
47956
36388
2299
85294
54528
57531
33821
90160
66017
44762
39991
82177
72725
44872
85458
13690
64613
71261
88467
66060
18552
47828
1204
15276
28665
16197
15585
27389
79234
80108
92938
58767
19154
68377
19355
10616
22876
25644
11875
93792
98152
11041
94753
85346
14002
55096
11395
75816
82341
58731
78402
18281
10434
96238
41330
71958
42086
94813
13489
26860
27888
83858
48896
68445
78148
29232
42313
31636
30626
50458
68286
82433
98970
10423
49046
3688
80385
92280
93742
79844
39155
80420
9982
45082
39542
80257
95773
43819
6987
98033
53190
29258
66057
17037
54998
90948
18360
96200
51552
69701
16646
72431
57409
78558
51016
4051
51587
24484
92764
14838
87154
29472
74363
1533
89273
49606
27383
30053
52016
33527
88839
92319
81556
2003
96466
98266
88203
79738
40071
64704
90974
77340
59486
40460
6902
40530
9481
46766
18831
11072
83593
7712
86786
48335
58860
24906
13187
40298
89088
83827
21354
72832
89928
50386
72948
27699
96570
44313
7267
6113
58570
69960
55949
3260
3747
70804
87132
39535
34291
65475
92562
61583
59070
1901
11768
35254
71568
75014
24167
69825
98081
65352
66919
1747
53020
1065
38971
7702
42091
37749
32136
1793
19017
9446
85344
54343
95925
61481
29132
61821
67862
25040
30928
25912
7005
39692
7732
34628
62298
55823
96862
7283
39145
8146
60450
94781
22991
78666
95278
85439
10383
84779
39726
71759
88868
13188
22999
20970
21432
81670
32863
79146
5922
40288
5128
83231
53677
86485
71827
19976
30912
68410
41505
40143
49396
2744
65599
62707
79659
19410
30303
91464
27520
60796
4145
92323
74978
69478
9898
83007
83880
34469
16439
12536
61599
17283
25898
55905
42458
73308
50710
60294
16078
93618
81087
67493
61393
79783
59354
58208
18669
77907
34290
28118
42133
43622
10075
91281
53757
29929
68703
37536
93246
91923
65967
31674
12762
91211
72530
69645
18162
21105
82569
37612
82984
78523
2959
5984
26821
89983
62838
46138
54825
85205
96105
41682
89663
31615
52366
61518
29556
107
64014
68504
75419
70769
31425
74954
37664
66356
58337
96662
37948
12654
55917
61271
8418
44655
25350
79186
82131
32
54720
47578
10150
69702
7903
93118
83339
40622
35228
56334
72398
29841
97082
49989
88088
67964
91918
44526
91207
96778
23460
72998
6964
83039
5978
53494
88848
7665
82462
72302
56196
96980
86892
72686
68494
5795
23980
29030
15821
52430
64135
1490
28767
88197
55599
46755
6001
46839
29146
8513
37998
67986
53220
65850
45412
77174
92788
43422
73225
33209
91379
30379
6111
93996
15354
13266
10245
1190
38162
67074
49299
90802
81242
6870
83314
87614
61313
92131
74012
19487
66660
62570
79860
19364
36765
72524
9190
42386
40101
43406
5469
68957
69329
30616
32059
87999
93278
51557
77718
40390
36752
98982
34238
72795
77233
35769
55521
67260
94312
87226
84710
7883
62485
40740
68532
59857
82451
26870
62842
81080
87641
44616
73654
95125
1389
1156
58444
49992
35255
9380
35618
22204
57952
15286
23295
46947
98139
5331
79190
54866
51997
5173
40756
65698
97095
81796
59632
75946
41207
99324
22044
73848
22018
27500
29495
25832
32814
59820
60554
78497
61627
7545
7651
58194
62731
330
18413
95009
68118
2905
58208
57106
21311
42982
87726
49262
96108
58880
87258
64951
71020
5096
44650
9311
56300
29494
11557
40434
94500
57412
9786
62018
10152
5924
14245
33407
52406
76653
5606
84909
90266
61389
48769
15864
84134
80088
55324
93791
20150
28276
62763
82346
53378
81133
30202
77514
60168
60053
96585
19104
40983
43193
49897
78985
34019
64358
71144
401
83401
85781
37002
46669
71936
96865
51885
36978
44993
54317
47213
18696
99011
97280
69996
37389
2636
14078
2655
39196
93954
12726
94820
78835
12878
40192
28486
45372
66567
25665
11742
20705
89388
35021
87534
91749
41245
78513
49315
96955
44879
22953
78720
36691
68085
87266
39433
57383
63344
36371
17540
22636
99342
40724
71606
31598
72886
16426
80042
34428
39247
29311
40573
65167
89354
197
38952
85402
61204
71748
32771
49310
43037
48644
47430
27034
21612
34774
52760
12141
31782
74115
4880
7436
42252
42266
51789
21162
75263
48607
31911
66195
91479
9524
21865
20430
98399
67206
87956
34189
30256
47922
76337
81753
51923
58154
83051
12325
33235
15123
46918
48561
32377
84868
81931
2419
24582
15684
2903
1364
86926
73083
43025
10202
99522
3144
75097
67505
73356
55699
21878
8838
65900
74635
47407
89826
8989
42340
52260
60607
21966
12493
94117
46472
30946
64888
29682
50186
10050
49954
39556
74513
19374
91548
53802
88849
9932
4548
50778
42055
43701
99458
82616
59909
10048
14806
74566
9289
73087
57827
94216
34137
49198
33094
58137
83716
25169
64151
100
86120
41843
25837
50215
72076
44820
58794
57736
43525
4135
44004
48388
63522
13309
45707
86580
99894
24940
12934
88303
58387
75590
80208
75859
46316
15182
45303
88751
92577
1704
48144
88707
10581
34982
67329
1757
9541
68332
69486
59827
34412
53442
86188
93532
94457
83964
55430
46353
41756
91029
64374
84299
39394
93470
16252
96558
41748
18442
46416
44545
75170
57681
67958
29656
78761
66295
91499
33487
39453
15960
82373
75255
68139
47055
13367
79857
37489
93284
13581
52886
51544
28188
78524
76907
35876
6287
72284
47131
5258
19847
21927
86669
37322
98160
34422
94877
4607
43462
1054
84766
14883
37261
34267
14663
99874
13286
20652
36191
63325
1027
67106
21007
29192
44259
4345
89820
19238
26620
12590
17619
92404
84
88251
87403
67600
97604
62591
38854
62471
31391
31848
83440
10283
10047
4023
68155
48199
62037
59291
36206
33651
60450
30972
22086
37583
5291
36385
76022
69036
5542
80889
75785
24214
60621
6612
59100
22496
64333
13540
13338
52120
65105
53312
12048
84929
29513
74046
15175
69401
88523
91487
4508
11350
75480
30498
86040
9133
91700
97724
7843
21501
8420
35313
58592
47143
73866
68867
17767
49339
16039
61978
20621
60956
52139
92155
94043
68815
52411
38144
73131
35641
44631
83192
97451
98156
96311
57370
19378
58242
28609
74169
4779
21424
60550
98125
96184
5729
60550
59023
58130
77403
34179
75671
4325
14914
95776
5865
23391
76479
128
21984
83858
65076
59822
89311
82982
72792
83398
91280
99520
6955
71472
66513
86700
13167
66464
45201
59526
91626
55184
1106
71191
20168
24635
11931
18735
58865
40481
48012
58422
98681
31902
53290
89020
13230
33863
67886
38036
16774
18851
49723
34332
75343
13660
64629
45911
25514
77926
54527
75665
7973
49648
78639
12918
79133
55521
37311
49061
55340
84797
40002
55183
84145
94728
7411
13812
52024
43524
75519
72692
84143
46871
4151
48612
8918
12668
6994
38716
74080
74926
67192
53186
88290
54659
70817
25322
37528
94006
57736
34682
23337
36577
6762
19037
68030
16187
3087
95084
78760
14817
78982
29639
55896
14600
11182
4911
94566
89296
60055
41619
72774
30256
97159
83803
42263
65488
31525
42547
19205
83298
20665
59028
95367
43007
93243
65809
99938
7283
63283
30201
99898
61015
60929
61096
19484
94314
17349
23290
62313
19551
14092
11328
14231
76656
95672
93080
76831
40260
1299
35030
92144
33112
78654
25708
30490
53824
42045
81879
88544
77405
38135
50339
87432
9744
44541
43125
3104
2907
34516
91388
23817
82400
32156
12302
21140
25338
40453
37302
64409
425
55283
1878
82374
70697
39083
64995
40530
24180
24258
81170
91402
76753
80479
2309
10805
70690
87110
3524
15594
93084
49738
98984
82680
52201
78151
15103
67317
66795
73447
87099
84122
18923
90098
26854
61442
92499
83692
26382
21637
87208
93150
86192
30650
15541
5994
22080
87659
62171
54580
39250
93685
40606
97530
18208
34017
21138
20395
28658
52622
71188
5137
89932
14190
895
22254
79582
21530
55248
4070
71519
16635
66482
8851
13003
96748
94019
57878
57829
38517
68439
37360
34004
92817
11531
65868
11492
96547
49405
56607
49478
85496
34113
83561
89238
17297
19938
48176
41167
2493
83025
55551
72675
78554
95996
9720
6222
14376
95639
5344
94940
41045
94711
43579
64988
83614
38990
65733
97673
72720
42535
59469
96260
89494
71294
92312
96632
31105
97191
40791
80744
99287
80892
34228
76031
52180
62766
33176
46563
66778
65017
78320
33474
34790
49367
63687
94814
99970
10098
61215
25963
54961
70287
14076
57077
80609
44186
71057
18148
91440
9315
15405
76459
6153
2718
47077
97331
47437
10950
80919
1789
88889
24382
67428
99207
44598
10009
25119
96611
50107
91659
12764
10479
43095
80286
57055
41984
8484
91470
93463
39193
56943
22182
49641
67612
53544
21337
38792
71570
53795
94742
43391
37096
95459
38259
75967
38414
12889
97286
15819
54535
34518
46631
19778
13075
15199
1279
17258
74421
45453
92145
78287
60568
48550
224
86686
42587
67919
13212
59396
50136
25745
95767
47284
31043
63441
9331
5434
73938
98166
20040
21692
99388
92692
76352
53936
24292
82861
19019
43025
7809
35964
12857
44375
76972
5049
56298
55243
24236
56877
29210
65945
49310
20887
92469
92407
57817
43417
4358
10449
77563
31115
81256
61481
28380
20152
70108
26530
82424
19839
11591
59745
59915
11715
66369
51636
99451
29301
86949
83508
66336
21992
75377
83787
77501
14199
79948
83997
1338
51555
1025
67916
34312
42398
76380
77842
35321
27302
4400
93355
4640
64956
78478
93667
53129
8034
70607
17878
12708
87638
48150
5054
41734
69185
80288
50943
96787
33029
2523
65970
71771
8732
30146
24170
55717
53085
97493
29724
76957
57417
84683
90599
30592
65488
16887
8229
81648
62657
23976
12423
27578
34022
10081
88259
34377
18075
71489
12845
34141
42842
9635
86540
88606
86181
83580
78605
68768
94077
438
4758
31903
88404
27301
3159
44574
22063
25637
91846
31917
37996
74194
33127
988
31818
32830
49193
53749
10611
76065
51424
90104
51654
77599
7697
39857
42583
55604
5622
92200
44943
33936
46700
46209
1398
31303
61788
73910
6562
21390
37646
9251
60543
41739
4001
85075
14467
57429
51297
4925
79473
94126
87339
29224
51604
55448
28602
88556
18820
83948
56562
37179
33882
63117
86829
2693
60234
72488
42747
17839
13770
58123
54801
24204
24653
96863
5229
94284
17481
16133
26995
67487
81587
55359
94051
82889
51295
45687
14070
18212
15264
35824
20563
4861
52755
81305
60378
77324
87714
57565
95727
46362
28633
84063
54228
44844
19570
42816
99558
24284
14502
42066
88937
76293
34929
40432
15223
19057
72682
40309
78780
42922
93051
62779
54326
85977
94654
13684
93697
22434
47771
17465
85901
12782
46690
66594
57361
23563
9697
82888
53147
69240
86570
87043
16013
88927
7502
76476
88654
71946
23373
17086
63056
13140
2916
82142
16161
53537
43279
3499
70169
98814
80715
40819
70004
53981
59671
12664
13472
24763
62756
82760
5861
94214
23260
96558
72099
45777
81650
45729
15155
13609
44297
34304
26339
70366
20976
53208
43562
33033
23138
66856
35212
42804
15346
29922
68872
13716
59920
89195
84253
98649
80976
11199
29689
35063
23209
47840
63363
60799
15316
89268
49981
74461
96697
88773
27287
19750
57837
70345
19652
14993
26671
33843
3084
19890
88908
33698
1060
65314
72458
49771
28904
298
84514
59483
84360
67205
93051
98645
51700
73295
80393
56897
91760
95246
8818
23942
65486
1777
29855
48500
31102
90419
55907
85767
65121
67011
44257
93336
42775
64751
31910
52632
1433
27497
71456
67658
9366
24457
4069
7224
35769
3104
38081
28070
80903
39474
71691
77351
75218
92373
71872
87253
39122
65800
45624
66047
15176
92900
37784
90977
38557
64949
76318
59140
71089
9706
97815
30616
92303
92708
81692
83369
45597
95874
5973
71970
49741
90137
30875
56392
76466
95341
50156
1610
51237
97127
24307
46936
32752
65951
19623
29468
33388
53446
8818
66202
46072
16325
24705
77848
59078
38642
69651
78442
66673
5943
31986
8493
95847
10240
14551
47197
45826
22821
12256
60709
78401
8082
42227
85069
16838
10971
89140
51776
3839
94564
63495
80143
36726
15380
62523
76697
53906
78766
54196
39993
60820
73895
35381
93627
68059
80046
38596
20588
46500
6839
99707
97274
69619
92459
65654
70991
10799
8418
1035
84631
8085
87510
32859
21955
21595
55435
15709
35661
67113
1162
10311
32619
57031
51222
33860
41766
26509
59305
70896
93516
98075
22753
58056
86052
35605
54824
90522
31286
35665
91040
84343
90677
4439
6643
37584
8067
85965
19160
91767
95709
32688
52482
64417
51254
30648
34099
82157
16007
34086
39500
34410
29296
19719
64523
15824
68321
18422
49532
41458
13110
59117
26481
49983
66939
36953
74759
80210
13517
10863
80386
99130
34262
4285
71851
87241
28024
23644
63502
75730
76042
35264
28289
38555
4432
83557
88789
83457
52719
81290
59230
3101
10419
80166
5659
64738
625
21000
39688
74312
95176
75075
12896
37110
48163
59026
21235
46419
14827
56365
49436
74641
48913
69961
62565
10585
26721
12928
38432
93266
31727
56365
12250
98423
1299
19618
27703
19987
14559
13055
20916
36348
73392
4432
80636
31835
71833
11948
18871
52167
4157
72312
7181
67500
68054
86603
70625
47681
72935
87894
56825
95150
83211
64448
8206
98988
69416
27088
74922
59294
56305
85610
80709
70109
14104
50245
55094
33604
65003
33918
35453
54128
4250
32505
34488
43474
5021
23839
39846
50741
35068
25132
37507
54937
86231
51792
56623
48709
78940
32684
7549
98061
83191
92488
78533
80633
18625
25783
53724
40750
3277
29064
76881
34758
77361
66756
13785
46286
23497
32996
55103
14601
145
99391
45026
61802
67982
33888
90529
82515
57776
65790
66316
44954
3989
76375
68455
71518
44710
48559
89921
94603
50907
86007
30642
90742
41352
40928
73517
802
79794
49882
61745
67403
82784
33404
24664
73046
17618
83894
12482
13607
91609
88405
57350
90430
51072
9946
64791
81837
52979
8664
49665
8338
32328
25367
82501
8374
51631
22477
19743
9094
44496
3659
3868
2989
37498
62492
32058
30633
15785
16013
54820
5004
76584
32530
91015
39032
76073
20785
92822
46609
18783
23535
56455
93016
45931
5761
57479
46087
89452
96166
22937
44352
29675
1820
25034
32472
65214
26843
89265
70894
74123
14350
42797
86416
54491
90093
75606
70864
38742
30687
81622
79639
4187
68114
53199
9791
53500
81118
23246
53329
2986
84275
41263
76763
14290
90137
23823
51661
70762
71474
74168
34783
7786
72311
58683
87323
92270
35976
8322
47451
70336
67244
4769
85387
38026
71596
69096
91452
54372
81779
39501
51115
85691
93103
65997
20272
23276
39313
83530
14742
14255
17073
82756
57054
96279
18140
86044
95533
82512
51930
87984
82538
43327
63440
78827
8692
50496
95978
69248
7764
76854
84326
9118
18701
74950
30614
24496
49476
20291
68356
99389
51106
46903
58985
90680
55164
88635
15808
14014
30551
90271
42010
60696
25983
44367
55520
50072
70926
54644
48269
63134
35176
11963
46768
63409
70683
57691
13686
73757
33106
49742
16083
91124
31979
72755
74827
20214
11057
37817
80413
16188
70498
9961
66390
15196
3106
60108
21652
8728
82649
35123
82609
72011
59713
27327
40775
45976
74537
40816
5992
92155
35964
45801
44454
93115
41847
80425
93343
46242
16983
23583
42725
71007
12744
1282
78454
15955
95635
43035
80664
39942
23698
10242
8481
27573
16321
27950
38618
83363
30145
65510
98198
74266
52358
75275
72566
40470
67830
74685
1631
47806
79073
63022
50393
80510
80242
46252
40979
26402
29380
51440
91759
3843
56453
66915
23962
14885
37813
58923
31866
47878
36626
82970
94732
18522
74809
84236
78140
12248
70659
46153
61408
5983
63414
68622
60021
98149
14825
2052
67398
31327
21519
31944
69153
26910
36826
77021
45101
24299
98548
97445
25269
34946
53979
54835
17386
47857
4804
29842
16311
68801
84840
85533
54686
98486
62522
61327
48215
46780
65143
10334
93355
42929
2163
55585
83375
60702
78807
59713
16178
55877
47959
28412
62092
3559
4210
8041
87071
33531
32078
53585
47180
96246
45428
9807
98894
85772
70264
89787
21548
23005
34967
61051
76633
9067
31929
54497
2531
47500
29075
48393
29934
90845
22763
52426
82859
45526
18244
48678
88896
30366
64676
24036
68226
33275
25979
7750
72497
65112
55060
5617
91492
12614
14964
76471
744
47184
71050
77833
27618
34249
62760
53846
79255
70317
2227
68038
18767
65821
37167
61522
7961
97211
35329
3617
69857
18805
99438
16991
22207
47391
29096
10146
64219
21642
71134
90694
96789
48208
83186
93791
11055
93292
4251
48119
95008
92199
81602
81955
94554
97264
82996
42769
42505
73958
62596
4838
90088
5353
76333
63735
13330
49743
44728
41300
60537
8791
87369
22492
51660
19858
88832
98312
85948
12365
15869
94632
74975
44879
94817
47854
18478
46945
18981
82672
64408
9081
25450
77468
16012
27918
91466
12065
64051
7853
48045
93474
4143
4299
74740
6416
8631
38072
86249
90848
90122
616
40871
27050
89524
81876
90154
64348
8091
62552
43826
57404
40291
81450
66707
83297
71531
39094
1538
10869
1951
42296
86114
99286
78129
6797
24627
86303
96345
32761
13221
50809
39406
71610
6175
18791
45009
87969
36315
36805
74157
69181
40267
22272
29624
67008
70097
56003
17248
76756
53149
1442
89843
12304
66637
44953
44521
96175
92753
12633
54187
84898
87314
38154
74262
51526
35244
32340
66464
28578
67299
35765
45610
67266
31237
20655
77380
53886
89470
79821
41086
77270
31396
5668
95930
92913
18690
26925
83257
18928
22755
26836
33454
71485
56329
74455
81122
78193
70107
38652
39174
55968
24612
58411
46016
83686
70767
92658
96556
33953
48509
69659
76340
42115
42425
2196
71935
13998
35276
32481
62679
82640
38303
19060
24189
16545
4228
81957
21725
90942
68798
41291
27911
53645
74940
16397
72505
22938
41874
85293
70916
49680
10138
47231
57095
11849
52137
8557
78704
22281
31996
10288
22854
82316
81164
6228
2889
3298
5941
32916
6448
8159
50750
82703
44504
33344
28103
87754
28556
37341
64723
37894
43853
9740
91554
17249
29238
21874
95427
66978
1621
30819
47565
96029
4262
43626
39907
95275
58976
57441
88140
38965
66051
10223
20640
27530
7346
62816
27179
6171
18379
54410
24046
18570
35398
57125
27006
51371
28074
50805
18311
21038
47743
43718
10482
52134
60283
47055
94042
59132
22183
20056
29686
57448
26156
65257
30217
25470
55248
62562
47272
47193
37252
97199
37305
70798
59110
54814
44619
10416
68161
64238
7745
89846
49963
74492
88930
88461
2117
7734
67404
61207
31326
86388
16547
29027
43314
48087
73755
90716
22522
14763
25642
12063
20291
47599
81662
65441
68781
60713
68091
61989
24826
88011
36422
25444
38477
14319
53073
15735
23843
36965
55602
65953
5668
19315
42811
6539
854
48280
51612
20938
76394
14743
7557
76485
16083
21905
55822
62235
63176
56322
60780
18858
99098
62331
11170
65748
49007
93743
22315
90686
77382
66800
24863
2379
87979
13044
61521
43639
17711
73810
473
67353
27898
16016
67289
47541
19235
9255
53392
84055
28498
87418
6237
43586
33280
88357
36364
45094
38366
84476
27569
90644
31295
62999
9399
13889
6454
62166
61308
66279
71064
30537
88331
12546
56125
30958
20641
11141
51385
52353
18476
50341
80158
71593
78339
60444
31321
65567
35449
14400
92600
2102
19267
70020
89411
18957
86524
7186
88580
25901
69887
78606
24853
38485
45621
37001
34808
21565
9034
78952
28083
24920
47760
11924
19654
63740
83111
79049
29732
43753
87031
25838
26741
46550
23660
5557
54295
58923
20879
29417
54297
29329
49823
99619
52525
1985
51653
26529
50062
76353
53514
78963
26530
45781
36380
47045
34340
27666
70815
57089
43019
7038
80217
28974
84318
98854
70528
69034
36596
86033
84408
44697
10495
59388
17959
8830
88837
54877
14123
50192
48789
19375
93540
14399
98548
42089
57472
4544
49541
15228
43701
46341
16072
88331
31507
42702
99418
95792
87501
77938
27273
86517
97275
94298
88898
64338
60578
34452
68508
97331
67459
64725
34914
7590
44181
55737
53057
8475
25988
14244
92826
81540
79630
43185
50485
3785
50817
70353
75994
2802
82774
28121
36930
44603
3837
45833
73717
66897
18183
31989
40095
22327
50240
72433
93679
19967
61384
78761
46959
85562
38828
81432
78888
44555
23021
44056
14576
48834
75480
1508
56719
24849
31140
21010
12948
40557
91798
9260
53772
66588
87145
5810
30642
80341
50869
96847
34360
75990
61416
96724
14460
34200
63913
18950
23012
38869
80985
93252
73624
99264
88564
49251
43618
49332
23904
76486
35043
55023
24301
55852
53089
65477
31532
63985
51145
37565
46836
1769
50069
37684
81628
9929
71881
84309
94995
80483
89434
76041
7984
89831
39631
50567
77445
4310
56102
45157
14464
41330
10560
9243
50432
15664
35335
83754
82826
45580
39231
2660
55969
93515
71395
92776
66664
28571
4594
27772
34767
27975
55626
67502
79127
43242
97544
81849
88178
76652
71431
39295
48862
59462
63410
20284
76768
59247
55224
49703
84082
30714
86234
5134
47175
1218
57132
7887
59823
45125
7155
11106
32471
94742
69595
82520
70048
70730
64190
51741
91563
23660
3571
79680
53932
56411
13972
55093
81037
92841
60153
53448
39453
65663
1002
70289
80849
11192
19587
20884
3245
53725
21107
74682
71442
98042
82896
47970
98028
75341
89306
15829
76390
46807
13507
29041
44118
53235
85238
82166
14911
76070
50948
22102
65501
59164
79575
7947
71725
57564
71821
25837
287
75588
2791
28447
40189
13319
5039
48515
96849
27636
95556
228
28208
27937
21888
638
49314
28628
43624
53972
54025
66617
60856
20497
37956
59227
93950
53505
85372
16940
41725
77954
34992
75505
17150
93474
78575
46774
23921
34213
31584
56437
83599
86645
36479
63997
69448
36698
75672
21252
89354
4876
33503
29664
68770
9763
72320
67949
35948
13695
19606
52383
68858
77194
98850
75669
46023
32373
95323
87867
11231
21635
72424
84070
45504
12447
15852
36434
3374
68423
35589
37426
27597
99406
35927
21035
90373
91517
63274
12967
36970
12532
98107
1209
4203
42112
34000
22745
92510
56304
43982
13065
47820
50846
63844
7714
30326
24200
50679
72234
74113
96573
11489
10984
13996
41577
383
39154
94937
20011
41174
10111
47655
46474
59102
9344
27815
71593
89135
51776
21578
35948
35443
85144
22978
20214
48468
42786
92632
35840
50561
9727
28380
25499
68850
70886
78945
16252
55576
42822
9719
36037
37765
28350
61939
64329
51987
69875
78401
22338
94346
87047
11316
58393
90246
31878
57037
45164
58922
26479
63455
95965
37470
49190
86972
24298
14229
17479
38518
80209
3208
40998
76058
48060
81606
9685
17803
15174
76393
47572
67468
58748
91264
6375
37519
91753
22109
30071
27753
9116
44051
48775
47184
97259
43398
55320
67479
39838
99675
