45.90461920490353 17.422857257218425
47.20385133570496 18.358694874440786
47.559378163977414 19.870378463154314
48.28154786128297 20.038523699620796
45.98692839275905 20.762844053008855
49.41560874367602 19.875497384466065
45.801698755720615 20.28958271715767
46.317971972759565 17.50498724576733
48.92449958644485 20.12009859442507
48.848991742482426 17.869700861975037
47.00732094016358 20.851797516302746
47.54127379274807 19.315718750425955
48.44379036773615 18.38147762962883
48.326170688360484 19.297250147198874
48.59299225573631 17.846442006404246
47.85096394190844 19.47147836907416
47.76142129128204 18.455086449046895
48.23645975068749 17.981928340645077
47.803046442569524 20.27102282892938
45.73942270932044 19.648970616058342
48.38313618495652 18.578651624386282
46.585057802629755 19.79181030719602
46.04553156705946 18.882056435365982
47.022463464802684 20.420790689312913
48.46618073020501 18.7083234568758
47.207607460913565 17.78851504538684
47.85293700782651 17.741083018827595
47.87966109204846 20.034976837277846
48.181434437756984 18.61360048064455
49.00681131469411 18.995760390675944
48.52712811654542 18.645398574652784
47.472162757602185 18.758937822402974
46.03084032705659 19.404982805844142
45.763874137978576 20.170359591703555
48.34555954975332 18.671507644007516
46.70840037601693 19.77785153739752
45.67338182348867 18.354001265699964
46.440065282513906 18.588685527081388
46.10411642181222 19.71143463924752
47.21955710677469 19.394446426135033
47.92393007560413 20.33283575582314
46.22507207775403 18.07023849365719
47.09953310843684 18.987218209322997
47.422207113491105 19.9089171010903
46.03491086556099 17.301981706668197
45.572884294893036 18.11433632467182
46.84462639044545 18.22793901062016
48.654818661902304 17.68511450219377
45.79976576370838 18.227461256842002
45.94046455624327 17.963557263382487
48.461981396427305 20.509598110730956
45.86735643173899 19.876590943215724
47.37479640449157 20.438461088407657
45.44780876384361 17.486501579878606
49.00709093957432 20.013082261583396
48.96880782430012 18.010618679135554
45.52019340236646 18.92556047926483
48.18117607943829 19.33456621915596
48.63294716102982 19.050972842314938
46.47337252605196 18.660962127550498
47.3789469638804 18.875302168523096
46.749411140414466 19.044367276195427
46.08206906959052 20.989994438076188
46.751058846681076 19.784631238359943
46.67798010184526 18.823533854309105
46.393263904677504 18.01784229845311
47.2044199728351 18.647988475280094
46.80931975184819 20.761670359203844
46.69394715919537 17.654391233785258
46.4231774986 18.686937600612875
45.71273070211687 20.210523240752924
48.26188852967072 17.378917923207293
45.30249739208279 17.484354627223784
47.94499662808965 17.620605494457855
46.362506869116594 18.43543432021064
47.661994612794615 17.356139815601885
47.21677996725241 17.12852918965225
45.639140144474865 20.08365014457424
46.44767876779595 17.29806671084988
46.32907222373309 17.75773465843014
47.36613492614329 18.588862123278183
45.75535885406316 18.824487985464927
48.332619359084354 18.786811010122506
48.36901056794015 18.28299636501456
45.87136660713809 20.049507825284287
49.08347757011652 19.176862649408875
46.51065498341213 19.473390894830217
47.4473022123863 18.60130109110287
45.964228295078215 18.07694013158859
47.55665997153736 18.30247313721728
46.8761031708455 19.556163976671677
45.72133260587846 18.153768838548388
46.45409118226246 19.81445696204711
48.83496319573499 19.037929545533338
47.19013118210179 17.52332668319049
46.771346372633786 20.758808655990798
48.64991725512893 19.53841894671969
46.206271077752476 19.008578279914563
47.1191961148276 17.620817008417948
47.37331752992437 17.00026969149055
47.31762863449677 18.11557891227184
48.00337475588058 18.871451237979123
47.41529690687748 18.334350315322727
48.936590810036044 18.915618930951485
46.58439035987807 18.772405345688462
47.458044352743904 20.70334599508533
47.53980524784762 18.587701259487407
48.135626723440765 19.745588652845072
46.52800840187046 19.249371328640954
49.123404707644085 19.008055893937676
48.69601508440437 17.690384736763626
45.5924548953905 18.547674722204125
47.43821028692148 17.024123569744404
47.38291092111267 19.86881664909475
48.11311555565382 20.163566203286056
48.596921439550776 17.543765253945196
46.4909282190807 19.381600126380427
46.954712779288414 17.938531463102432
48.08099917950421 19.191791041024977
49.03919157662851 19.457869317222496
47.17806353312851 19.583699311332126
47.726028986529855 17.974990188944954
47.79656716135355 17.16092720518385
48.040256736372235 19.203409727463367
47.57022029817093 19.380001247797342
47.600263024015184 20.689976584558
47.61784812336823 20.623811665784054
47.309679942305415 20.796059507060637
46.10094343378486 19.561745067684804
47.51891647993996 17.533391158774084
46.99396570073563 17.728212237721355
47.347321496925346 20.340648698973496
46.44161636903325 18.876501879103422
49.24023046049548 19.70333519362974
46.50806332364848 18.435597930026077
48.18475271488804 17.137383857209862
47.20651107480469 20.206396173994644
47.516692736239015 17.042886047837026
45.94462243250375 17.446796174915942
45.77486576460227 19.489955535138016
47.98584951091341 17.30103416747363
48.697448211142216 17.521334441308454
48.815920919210875 17.08849583673437
48.6572939014109 19.885484559146413
46.36961902759804 17.833926771413083
47.747953860581134 19.424480297156887
46.276771872046304 17.639832852820014
48.450479596718736 16.866343527371264
46.996041796272806 17.807888658189718
48.75004194231093 17.724228530395777
48.35913612937978 19.794328936117648
46.681987625824696 20.247267028499156
45.80936909027903 19.37066562092729
47.393580683905974 20.062057191330137
48.768688295012296 19.73451514531413
47.15012524973713 20.291428246042322
47.48471544988014 18.468465037915855
48.49280435469503 20.363396064557563
46.484364753633436 18.894043461312663
49.12466185773885 19.831976195879616
46.06348375263434 17.91265091926186
47.67750018525028 17.649638871873353
46.59418599767483 19.115210580783643
47.881798832697484 17.537792559348194
46.5347146614395 17.528249992052782
48.24064017523407 20.13165631635698
47.054174139914394 19.4497263837906
47.86847297345187 17.77398838502522
48.807397006342065 18.30377865032848
47.901967883837365 18.181035088121487
48.82191527277147 19.972706599362915
48.00344028687712 19.967999959481872
49.02203251930939 18.103987253005794
46.39176772518543 18.161803167109372
48.61044207795673 17.910488003328503
46.67553512570015 17.59769662548367
46.03523217414876 20.05466228818791
48.36257103792531 18.18742932416497
47.70000576905886 18.814241677124937
48.09525695620959 18.9147005816419
47.672460323867 18.387505394628317
47.12113786366155 18.133578484650553
47.53823450199092 20.555958440406776
47.1775028269758 18.99434781174108
45.558336714778804 18.476603829498494
47.253867654058816 18.9212416622406
46.5708969791539 18.93745836638733
48.55483117119788 17.413920171078406
48.79743430544728 19.101760228639755
46.45286487665398 20.765214927754556
45.58376731719471 18.72585973103552
47.031838521145986 17.75990603339118
46.48883254963831 19.880024755102447
47.91331266036732 20.501590689964452
48.30069813320836 20.029410143472205
46.39554724045598 18.032544671965873
45.97404608679768 19.370854195226237
47.4603274778757 17.086184174703327
48.40633075388978 19.441775745347517
48.69448190059871 19.071652383771806
45.65031737368506 17.495705622246966
45.98822550658716 19.062421838504473
48.66537978680453 17.21380783026527
47.50637069638981 17.956557705346512
48.30374910770644 19.739785323385426
46.22021747970617 17.347272219822838
46.034971353385934 19.208678486611845
45.2500052613646 17.88663864663316
48.51608247195725 20.16379671663992
48.29170099245808 19.55645616920323
47.28535299444842 17.495376672557892
48.05280456166839 17.520320215033763
47.721000764297806 17.18303885856235
46.520816345857526 19.059933202815095
45.546504554180736 18.204629402032037
47.707225859242115 17.491476862733617
45.739614074954474 18.903871461558666
45.19721475185634 17.771156427284435
48.51779970747975 20.13747389828819
47.09274878195109 18.120149327545455
47.89696634735867 19.539486389099547
45.511115859436124 18.275781070257345
46.3128654914734 20.43798620928933
46.44606756835388 17.42975285437336
49.07658176487899 20.34536253316553
48.63714412959163 17.47298689544214
45.20925175763723 17.768297115057646
47.21084003118302 18.531538965871455
48.70822551457496 19.858519553662575
46.176073895868065 20.456933734567407
46.34870593453471 17.36995107263513
48.16518295896653 20.17561409823987
47.84381861151685 18.95845792609476
48.28332642858957 18.122864650474895
45.951763420500434 18.836458694680186
46.02032643566738 17.97196077415048
47.30716396015086 19.907230853167427
48.65227870938478 17.619735472700757
46.787531769969235 18.964370896001565
48.94866312170253 18.25406299726786
48.00849600625906 19.06716306433654
47.33133812691744 18.307939801304695
48.50174934767671 17.369562333542035
46.871619691916884 19.0339595528336
45.30359092268833 17.376383053291235
45.89128338509449 17.83166173746341
47.90719331985993 17.650920056699505
46.6573306505435 17.524105165882066
49.05218515232533 20.23754922226631
49.41740173353142 20.116727466562548
45.455014699415415 18.137736544294842
45.98241139006878 19.908037475082004
46.774848484490924 19.113065123977528
48.685135040919945 19.065919322783838
47.63701477753706 18.673917426456562
46.46034027001672 17.314435814451848
47.957887628133356 17.970720477470632
46.363071556846705 18.195730561911404
47.4714541290821 20.375719521204886
47.22604537448884 18.443877527960495
48.98363548960551 18.977009890122893
46.798113447962116 19.261404859139574
47.741806781034555 19.2548243160617
47.82341035041648 16.97653993291459
45.44118944371591 17.577382770079808
49.2607989548007 19.863075541191417
48.72513882647787 19.90551318840554
46.1179207879749 17.348837621475806
47.108303681586875 18.348128118791156
45.89608598381292 20.187669540303713
46.4666464892901 19.206382700976953
48.973967029259846 18.940903201134628
45.66056256261792 19.177179779149807
49.19255630244666 18.724276062703733
49.15678508642092 19.749113562727228
46.86771468006714 17.069539171295286
47.73622087896772 18.88515901463189
48.46201394459952 17.401869951848976
46.63954248938627 17.86707466361255
46.255206159359226 18.372462828641186
46.63370599595697 18.27836091554718
47.96978327443012 20.580874001009388
48.22881502471782 19.629940323137262
48.43309898335163 19.758981403439684
47.96190628130527 18.351578839290735
48.613085761259995 18.93896280471248
48.79740106400778 17.947812397557765
47.27639989242077 19.063701516028047
48.36275265204283 17.48356211723044
46.198323859955536 20.166273305801894
48.989193160126824 18.543122773775785
48.183672843909235 20.187638092329593
47.94689804832672 17.540835329829072
48.51728143464522 17.456663203845157
48.23248307103804 18.72317937076685
47.6119569026023 19.230498305633333
48.53173979638655 18.107753716283106
45.80124659461002 19.893246307794307
46.120424834965895 20.430497111521507
46.92973094298657 20.730141000441975
47.42837203298445 17.471177240483
47.42863841597884 20.649572512224598
45.592392026966984 17.925565114482648
45.64919946444087 19.11683776835102
46.453067509502766 20.946924866076415
45.49956470817554 17.364426450437172
48.78939056636021 20.441068537187125
47.52271628090082 18.868175023076656
46.84825606862329 19.86894008761141
46.86220197023927 20.5441726228592
46.86621607065966 20.434703137270294
47.95145031991399 19.559184545923763
47.240759547727244 17.87522170286072
46.21876724621109 18.45017388412474
48.146237023542724 19.362238467704444
48.9909409547857 19.467834523816876
47.96504541431687 17.594557974115034
46.009949634646325 20.021540024682317
46.319860330008666 20.791390016534102
48.545171218622414 19.973771019519017
45.342400200190944 17.599511924078406
47.79649119497105 17.888222303209474
45.48956380888629 18.085850112822733
48.734402352670976 18.059602564813986
47.763310088547634 17.790937671575993
47.3937399377309 19.905260446805837
46.729777740614836 17.756241668988718
47.01830850840799 17.16253687075102
49.26315976107941 19.987073440160753
48.86547796090922 18.89021149122412
48.606151371726014 17.62001800535381
48.44411734414212 17.878103564958607
48.49397420188237 19.117742593776523
46.84884150899607 19.505624413931574
45.364341866196874 17.920944861491094
47.752262068823285 17.511617701844845
45.95113958447764 21.00180504660854
48.419750916417584 17.920988358357498
46.24530185488741 18.978522951567964
46.30111782301478 18.935618239634472
47.45059624417833 18.450400427658572
48.32760361795131 19.671587254912588
46.14261163215452 17.956421007019202
48.19653729895362 18.591546828309994
47.62296875639976 19.350673461561144
47.778132266675115 18.333050469481265
46.65273789132877 18.3689437012284
45.6376436124639 17.621223826192768
45.80056224473618 19.004259626713402
48.244646298280664 18.468214118251282
45.792169631804065 18.965324408806918
47.437461639005996 19.686284842626886
46.22132007168367 19.71032805758834
45.788579864910865 19.85177402090479
45.72012720280387 19.401794526524334
47.18234718736865 19.969763888257244
47.57662677650517 18.577334858882654
49.22966043172817 18.993570045944615
47.110541351315625 18.157083888267653
48.42696895820126 17.115860029676824
48.27415570178736 19.723726446327735
45.30897311231627 18.133024147408605
-42.83741302739624 -25.081835126259584
-44.3253225009313 -25.650523437263082
-42.26126165815281 -24.09063292447093
-44.58799156439502 -24.22531129346499
-42.597075066822015 -26.16693240810762
-43.69025711212693 -23.125739074604297
-43.833813137371685 -25.474987898030992
-42.88532756410921 -24.76521832849941
-43.25782921764677 -25.970972641910343
-41.221631589051306 -25.749726620584664
-41.52782683929733 -25.3051322393356
-43.224784645346816 -23.16820490034707
-43.16887240800988 -27.07386963089123
-43.150635587823245 -24.95773935860876
-43.85302852943105 -25.90707753556288
-42.15319577790153 -23.866237296824274
-41.30922166768932 -25.174661839246887
-41.985427281280266 -25.980853327551948
-43.77903625772813 -24.794354862926067
-43.25601809480866 -27.44647701412974
-44.961658846149845 -25.684439818201934
-44.010466222152345 -26.512867889182914
-42.8820337359357 -26.867358532236373
-41.932908256064124 -26.043156795322858
-42.592455711819184 -25.725683987641325
-44.35397234367051 -24.908834755829467
-43.348789544037416 -25.054938314362705
-42.96140123934332 -27.217839840065984
-44.381692603046815 -26.37017786751175
-41.97295850361181 -24.897007133357057
-43.176780449386925 -23.61924467854116
-44.40529192537412 -23.825818156564164
-40.9315581898429 -25.441104602624417
-41.42012011435097 -25.265672989715398
-44.99096620804933 -24.61176721608364
-44.70388271478522 -25.375223405559616
-43.25010592238699 -25.518348141889305
-43.66491726555582 -27.28735698414834
-43.8256488543728 -25.491433646737445
-42.98411060346341 -23.23095541968381
-43.08648204258692 -26.371705702043275
-41.18382497776518 -25.613083737175053
-44.42404585115967 -24.206979458080614
-41.95088530062146 -25.755370228082942
-43.86142224490487 -26.096081827141816
-44.776724931631655 -24.375837050878996
-42.96413618015808 -25.40230872738684
-44.7942234134272 -26.26094961206384
-41.12241745577007 -25.15937949983836
-43.8407144303283 -25.689082487682594
-43.129874167092886 -26.1709265820708
-42.909463904756144 -26.365341444358094
-44.61945156407586 -26.285907083054205
-43.62533973964888 -25.116542469316485
-45.84734791072779 -25.140875485755508
-41.82155421667564 -25.748079924252757
-44.13770145610037 -24.113067002754878
-42.46319762204266 -26.2141743436383
-42.758451199612956 -23.35700352216518
-41.92102416368191 -24.265082291345482
-42.58079548558864 -25.760019668620835
-44.899294033847546 -26.239072115764355
-43.08644659099856 -24.20076570211846
-43.1912374957398 -27.37557800015678
-40.99669335227268 -25.34362340583902
-44.23402259893502 -26.829713837409507
-42.389306786195704 -26.34177377710738
-44.32349055026346 -26.843765705014757
-42.20672240433576 -26.24688885286777
-41.61135433798806 -25.655529633212684
-43.95479630008798 -25.282748870995526
-41.52498612808749 -25.835212998723428
-44.438052418013456 -25.06145349918798
-43.7350950763498 -26.35694537777862
-42.883398021669414 -23.60372104117381
-45.2714359837266 -25.511859193701927
-41.37542391079008 -24.88285373962617
-43.038416926701174 -24.587148883183044
-41.58094200760502 -25.479119479938767
-44.67860581773261 -24.81177115564009
-43.39632120985294 -26.460431544839064
-45.02712051526778 -24.469220520658855
-41.3494500509662 -25.131580843617257
-44.46596154190985 -24.13092040405839
-42.170555910547826 -25.694720594089166
-42.91995582471987 -27.09990260393091
-44.33273059972257 -24.5985574304667
-45.00887332467789 -25.81925476518976
-43.60934259096131 -26.904213961342396
-44.66393969207598 -26.606936504859636
-43.78894184137536 -23.63584138001165
-44.05830249089794 -26.039749783934422
-41.640253217801316 -24.894233194989145
-43.37065637722521 -24.219299336051535
-45.52021492454646 -24.692890664562942
-42.12628877018879 -26.33659621018942
-42.71863856900287 -23.918887014281548
-42.234710163213805 -24.108677168814616
-43.11410383425847 -26.98933461924846
-44.94115938701522 -24.31431722634682
-45.20719989328468 -24.364525795489
-42.57114877434719 -26.95423541133544
-45.298142452626095 -25.563926520946247
-43.65809169121196 -25.438892423231845
-45.48908690249057 -24.767621083762204
-44.6752889739672 -26.59757425922665
-43.8495608096491 -25.83906963535257
-42.20524216848481 -25.601764850492838
-42.77090393226009 -23.779186572437666
-42.10782116228637 -25.663232048594974
-43.05806065465304 -23.697090776060257
-43.79717813872541 -24.891311063591825
-41.93071626671581 -26.083206565445007
-43.33897985111229 -25.477676690083204
-43.80508029830965 -25.264326852936602
-43.55711317184551 -25.30716712361727
-44.18856816059467 -25.87218750309608
-41.888696983042045 -25.5743984729031
-44.352396860872794 -23.73644365500296
-43.736157265613855 -26.219487551686598
-42.27873315569439 -24.938350278639156
-45.36763894885394 -25.433971515689176
-43.16924054371126 -24.45606555413324
-42.56652993820774 -23.709178729706725
-43.82796738467169 -25.73082712740655
-45.81019855091092 -25.048333359522385
-43.74541630839971 -26.97184855978009
-42.781240631033 -26.86527788879598
-43.5295053922382 -26.588347683359178
-43.56519338628123 -24.273542822819948
-44.654255355299625 -25.84190878204826
-45.32293441360986 -24.915007342201374
-43.592982526326665 -27.593382650746886
-44.980837421812865 -24.714580306931325
-42.23973709058704 -25.344497486059794
-42.62901015948679 -23.39453847829193
-43.494083704452954 -25.83091997343618
-43.44057536952572 -25.075611918224187
-44.493222361624596 -25.41080927260906
-44.202559663011556 -23.82598057506979
-44.47574998053129 -26.44264410766064
-42.93485001934431 -25.528257948089657
-44.57019420617963 -26.46013399128263
-42.85522933568056 -25.51093998403177
-42.84635608930321 -27.132246725772877
-42.389725541369394 -25.000742137885567
-43.43678139507815 -23.260144556480455
-45.550375420390466 -25.30139078943997
-44.06510458730719 -23.467995898778817
-44.84470289481254 -24.326819010201955
-42.45141962624093 -26.21367368248057
-41.487232388788925 -25.399862973899857
-43.372498952105154 -23.175860060201096
-44.57816696221396 -25.252925851774354
-42.64961928493649 -25.401831438816167
-41.76071775860728 -25.16776546122408
-41.60004173008311 -25.947108017051043
-42.34223489259124 -24.17908647623292
-44.06491099235538 -25.645071797737813
-43.140976843840555 -23.358963074294472
-41.55157161671315 -25.232003427538604
-41.488058626340184 -25.035692088575935
-43.00085715816807 -23.966618022180427
-43.10226583978749 -24.925657688248652
-43.57511452493867 -25.536414347640093
-45.09984740198889 -26.04034031637221
-43.91911908346882 -27.432436653758458
-43.24323836173237 -23.719515204241034
-44.739665261135585 -25.889486851475958
-42.30432979593981 -25.529633241982953
-43.04973917327879 -24.755364068736675
-44.046937786424046 -23.28537800216802
-43.46369659421767 -25.001075127942062
-42.01482150967893 -25.18155786778212
-43.490362858030146 -24.826258480630994
-43.52687407836301 -26.73762043336321
-42.69678326084148 -24.550075530922395
-43.80903016271161 -25.09686837797864
-41.54536939687641 -24.805210468309365
-44.00349430172027 -24.63382549990217
-43.68372503002143 -26.410560906944095
-43.496715049167186 -24.27008229827327
-43.83995316929167 -24.221046275480692
-42.4604113592966 -25.482070039194998
-45.509151960445884 -25.71136978938502
-41.7221900794687 -24.648400335407807
-43.32455593631944 -27.126425050215676
-43.22182379610677 -23.906818019328867
-43.3531514925631 -26.83618227841737
-42.95399387780325 -23.88951556025098
-44.54348526234303 -26.02921076172908
-42.92434811201239 -25.069057357871305
-44.5959140001631 -23.999647241021446
-44.10167508205753 -26.80207699627748
-43.56686503143659 -26.8625307486076
-43.299567311389595 -23.18085835130572
-40.9454806276473 -25.42156243608282
-43.98384311769275 -25.435385396161287
-45.47596999426438 -25.652233303836244
-45.187546269236464 -25.90658553316499
-43.10198870381872 -24.382182350201607
-42.93048177624487 -26.55319516336614
-44.66911502668151 -24.898105054107578
-43.669252419384094 -27.03803452186719
-42.6948719786215 -25.753751425018415
-43.07065182357615 -25.38567366465783
-43.892911925541014 -25.7174479195936
-42.845094713115174 -24.931838087029867
-43.03760827997598 -26.51470142953813
-43.90576558794607 -26.45119131647818
-43.963301294016254 -26.00354680311339
-41.81940353292289 -24.582006287707824
-43.82953025487699 -27.5787024997166
-43.278534665518585 -25.259053576159722
-43.33865765913973 -22.65831920245131
-42.41502966555729 -26.159160326053644
-44.96277621285984 -25.228220109162812
-41.85888461980908 -24.345445046280354
-43.36272998551869 -25.474403438287368
-41.54775389904136 -25.247351327305015
-44.46902752247874 -24.535163562798644
-43.37064832595159 -23.813742380988508
-42.96595013903868 -26.219991278256174
-43.84739473664522 -24.994365908348843
-44.51513854998716 -26.613359465587
-42.53397673192858 -26.802940202514808
-42.62197757432495 -23.906485613653558
-42.8113687799805 -25.732819708445177
-41.5907527492294 -25.78736379430659
-42.80086423919758 -27.141420829777584
-41.8269313351973 -24.62397040595241
-43.86090829113194 -26.225137264896272
-44.725572734788685 -24.099731504205234
-43.107273611106194 -27.03011495098607
-42.71864486130128 -24.421160628544033
-45.36841982582672 -25.230488441642873
-42.619073150299876 -25.405155593879122
-43.44589224616095 -27.230776442274127
-43.12284436989656 -24.177718837654073
-44.35552151931646 -26.496398043285183
-43.32198322286218 -24.263536640119508
-43.959934649420234 -23.48476997978019
-43.75315904066394 -27.16463630107685
-44.02818964864015 -25.146322936274252
-44.1565141131408 -25.68479349491479
-44.103362763689326 -25.102331648640416
-43.40552694415525 -23.210871005793734
-45.172037911224585 -25.598091293855994
-43.25468686848656 -24.06640211195624
-43.50404384417334 -23.56937714224568
-43.51406190665505 -26.12912611241827
-43.04219840111165 -24.497693699376327
-45.26211706422223 -25.726463426105635
-42.256524769126536 -23.783312614274067
-42.925072527789965 -24.06909627251403
-44.46273809695126 -25.694052534459
-44.26476362941047 -25.70339931747058
-44.28616253925334 -26.65944418957648
-43.06157600930582 -26.74976664091033
-42.40563406895399 -25.91850649309187
-45.97334609392546 -25.152507683359993
-42.49798250927826 -26.52460030426946
-41.73066518072857 -24.82887004236632
-42.71354350192056 -26.992734800639894
-43.52557076459473 -26.63512228768679
-43.98736093125281 -23.75762537334888
-44.12109932971921 -24.264657100991336
-44.17188153996382 -25.701291640023438
-43.2222455714645 -22.82962784717292
-45.03751612719871 -24.365435448571034
-43.49937700023235 -23.19079704846024
-42.95073985859417 -27.205166759770464
-42.43905021811666 -24.170274386848753
-42.0823132351352 -25.7503369406909
-43.33263365251851 -27.143695053743425
-42.38814763630868 -26.61061056410241
-44.45866768663797 -25.240506217926942
-45.32612326146803 -24.738443069547003
-42.46487592140199 -23.936002839433936
-44.69985699282528 -24.44217636086533
-42.82780796082344 -24.12622366248046
-41.68348344318677 -24.45804666247824
-41.47954437260618 -25.633780935433748
-43.466357897197334 -24.606600502792006
-44.97767809680329 -26.01956892268166
-41.781457733017 -26.170179413911754
-43.89479959546374 -24.869058470700953
-42.883941558818115 -25.44720548748305
-44.539188546689296 -25.406501759102568
-44.20088233398137 -24.48544604027854
-44.978265861744156 -24.589830577697434
-45.1891778760558 -25.999195274003494
-42.41270226905046 -24.696486453479146
-45.75918088425451 -25.38168153929179
-44.191892335726614 -25.166515024346282
-42.44652886146531 -23.760658989320863
-42.67740967006397 -24.086054757728434
-43.73396188221799 -23.120125901633468
-43.86122277892426 -23.788216841917055
-43.33836980207576 -24.59206407291247
-45.91760184688593 -25.13593049409704
-43.74558256118128 -26.682209014387457
-41.59979105947267 -25.87346792277356
-42.60967492122434 -26.44785429367752
-42.267330792612334 -26.48871239247908
-44.62230340256265 -24.189004201564433
-42.54347041786793 -26.586804136131686
-45.44753172965875 -25.11642588693273
-44.75677378817099 -26.54420601225541
-42.532036400378416 -26.254594515279575
-42.691628681212826 -24.2646465639149
-41.68313568795523 -25.213273582335084
-42.58351686213261 -26.985626575796285
-43.3269648345089 -27.334493150130736
-42.39483557897194 -24.378866358473353
-43.353296125143814 -26.993438658161097
-42.38338227997833 -26.503040387011247
-44.62271768988763 -24.735199227106488
-44.147439352993956 -25.595835396281092
-44.10147314985246 -23.784536344517246
-43.3618213532421 -26.832817337720805
-44.71624556033252 -26.571499455503034
-45.660327123508466 -24.90523172283864
-44.39413808063272 -24.27806637895503
-44.88675895373522 -24.947771238512225
-43.51981862608333 -24.23015183304551
