43384	469
11714	607
12893	450
10283	489
36099	606
10075	766
28349	831
19891	650
10019	386
23331	721
24585	540
37673	797
29439	398
31186	365
46823	874
25767	528
17112	426
16893	568
44953	755
20117	307
14289	904
22384	497
33804	963
21437	746
45099	748
21679	447
49419	562
24517	977
44765	885
27715	832
17980	717
11752	723
47736	877
44665	489
32557	452
24847	530
41202	433
44765	885
16456	770
13644	717
33804	963
18522	644
32167	443
47473	911
22384	497
42303	771
26802	308
12152	784
30926	361
17128	824
17895	886
29922	820
42493	643
41209	885
25466	331
18861	484
38603	876
16482	644
36099	606
46258	672
41965	621
26026	872
10223	649
11429	305
49982	551
35291	564
16838	962
47848	836
31214	577
16482	644
43332	654
34234	781
30855	930
43690	747
30855	930
40474	341
14536	912
31214	577
10563	471
12167	386
18861	484
36354	860
18861	484
42303	771
48624	891
10075	766
29160	803
17128	824
19735	627
26026	872
10019	386
41378	795
29880	392
32270	584
48589	843
26026	872
40106	750
43852	491
14324	529
10223	649
11752	723
34843	376
11517	752
18522	644
37828	420
13565	657
12893	450
24014	600
46014	515
21008	538
27197	379
17098	810
17895	886
13644	717
19689	754
17980	717
17128	824
17274	697
41175	884
13252	468
19445	570
26373	972
23002	644
40474	341
27657	661
29432	701
30926	361
28599	752
23813	614
47736	877
42303	771
29922	820
18722	481
48915	787
31186	365
11714	607
43472	340
19668	348
34871	763
15240	598
27715	832
42303	771
16838	962
18210	476
41175	884
38299	766
23813	614
22635	784
43389	681
26644	885
28099	488
43735	463
11714	607
14536	912
17533	704
48064	953
48065	834
37828	420
21008	538
48624	891
44127	893
35749	303
29432	701
16800	965
29160	803
24847	530
41954	618
23813	614
43389	681
43332	654
36099	606
19668	348
19788	968
47473	911
17980	717
48065	834
49982	551
24517	977
10835	353
19227	393
30951	718
27539	461
27471	637
31214	577
12010	332
32557	452
11752	723
10613	353
48782	918
22063	466
47848	836
23904	978
36224	576
41296	891
28742	327
31218	925
23997	863
20574	768
41954	618
24014	600
28599	752
14289	904
25466	331
39546	397
41378	795
23072	972
31991	553
29973	761
10861	546
23048	760
24517	977
30853	854
21679	447
37828	420
24014	600
19891	650
46917	461
20574	768
30142	691
41954	618
13565	657
17112	426
10563	471
12152	784
19445	570
33365	380
13644	717
32270	584
43690	747
21528	950
36099	606
25767	528
37828	420
48782	918
26373	972
42412	311
49419	562
48589	843
10223	649
42412	311
46258	672
38603	876
23997	863
30926	361
45099	748
41954	618
16800	965
45099	748
47736	877
19227	393
36053	981
46823	874
41296	891
33365	380
11429	305
48589	843
24014	600
18861	484
26644	885
14154	966
35749	303
16184	892
11429	305
45869	447
47727	675
23904	978
45866	710
19445	570
35937	836
42087	421
31875	975
30352	623
10283	489
36369	356
27587	408
34843	376
19227	393
23904	978
43826	399
11693	325
33839	692
43472	340
44665	489
11144	905
14324	529
36277	353
18131	496
40474	341
35937	836
44127	893
36369	356
30352	623
40474	341
44953	755
26802	308
35937	836
10835	353
32167	443
29439	398
24847	530
30352	623
47736	877
29160	803
26818	863
48915	787
41296	891
41296	891
11419	364
32769	711
14154	966
10563	471
22063	466
49982	551
36369	356
20117	307
14154	966
41202	433
26818	863
13252	468
42353	457
29880	392
34234	781
27539	461
30352	623
30142	691
19227	393
13040	573
10075	766
15240	598
42860	868
20117	307
34765	601
36354	860
42353	457
10777	503
10283	489
12902	592
36053	981
11693	325
31218	925
36224	576
36423	513
48457	984
13252	468
28742	327
28599	752
14289	904
23399	559
23904	978
22635	784
26373	972
19445	570
34234	781
42860	868
15240	598
43690	747
22782	336
23331	721
46917	461
41574	623
21437	746
23002	644
26818	863
23048	760
26644	885
47473	911
24585	540
38299	766
43690	747
29432	701
41296	891
17969	638
41574	623
42575	613
37828	420
16838	962
29322	456
40106	750
44953	755
19445	570
10019	386
13565	657
17128	824
17895	886
30853	854
29322	456
31218	925
17969	638
26818	863
10861	546
46917	461
29439	398
11734	310
12010	332
12893	450
43389	681
41202	433
11852	902
48457	984
38603	876
14289	904
20574	768
14536	912
16800	965
30352	623
36099	606
21679	447
10777	503
48457	984
41954	618
37673	797
33804	963
10223	649
16482	644
19445	570
16800	965
41378	795
33839	692
43472	340
48624	891
43735	463
19788	968
46014	515
19891	650
46258	672
43472	340
11734	310
22782	336
40106	750
14488	450
23331	721
18210	476
14488	450
13040	573
30142	691
48589	843
14289	904
18722	481
35860	588
22635	784
14289	904
11714	607
47473	911
35291	564
35749	303
29160	803
29973	761
17128	824
45869	447
22063	466
19891	650
36369	356
20819	572
12010	332
35860	588
11752	723
47473	911
48915	787
11144	905
20574	768
17895	886
36277	353
33839	692
17112	426
29922	820
36099	606
16456	770
10527	983
26644	885
35291	564
39546	397
32769	711
44665	489
14739	583
41175	884
28742	327
28742	327
48782	918
24517	977
36224	576
46823	874
33804	963
41574	623
26026	872
11693	325
30926	361
33365	380
42412	311
42493	643
24517	977
28599	752
36423	513
39546	397
33839	692
24517	977
11517	752
29160	803
10019	386
17128	824
48104	989
43852	491
29922	820
23813	614
14739	583
36369	356
17895	886
36224	576
29103	774
48624	891
15112	584
44581	498
22384	497
12902	592
21008	538
16482	644
11852	902
13040	573
34843	376
31875	975
46917	461
23002	644
36053	981
29432	701
10223	649
19735	627
11734	310
12161	472
29973	761
46746	913
11714	607
10075	766
12152	784
17980	717
19227	393
33839	692
10377	902
46746	913
36369	356
19689	754
14536	912
39546	397
42860	868
48457	984
24585	540
33804	963
47736	877
24014	600
12161	472
33896	319
21528	950
16456	770
41965	621
44765	885
42493	643
46258	672
21072	538
46746	913
11144	905
43690	747
21528	950
45869	447
29439	398
44127	893
21008	538
22384	497
17895	886
28099	488
46823	874
30855	930
29922	820
41574	623
38367	389
17112	426
30142	691
48457	984
19008	842
18131	496
23904	978
43332	654
48457	984
46258	672
30352	623
49401	832
26818	863
49401	832
16482	644
15240	598
21437	746
23997	863
17533	704
43690	747
44581	498
10283	489
13206	735
10223	649
48104	989
28099	488
47848	836
41954	618
31218	925
10223	649
31218	925
18722	481
36423	513
41175	884
29432	701
48782	918
43472	340
42353	457
30951	718
32270	584
27587	408
14289	904
48104	989
30926	361
41202	433
42575	613
42303	771
22063	466
17969	638
26373	972
39546	397
34765	601
47736	877
44953	755
26644	885
49982	551
16456	770
49982	551
25767	528
16800	965
22350	493
10835	353
27587	408
17533	704
31218	925
41175	884
38299	766
49401	832
45866	710
26026	872
23904	978
23399	559
44665	489
42575	613
30352	623
39546	397
12010	332
26644	885
32167	443
12167	386
16893	568
48065	834
29880	392
49419	562
10861	546
39218	975
48624	891
49401	832
42412	311
27587	408
37673	797
26026	872
18522	644
24517	977
17980	717
17098	810
41202	433
49419	562
17214	707
22635	784
23080	321
17214	707
24517	977
26818	863
24014	600
26818	863
10777	503
43852	491
21725	932
49419	562
41296	891
12010	332
44127	893
30853	854
29103	774
10563	471
15112	584
44953	755
45866	710
24094	476
22063	466
36224	576
44581	498
36099	606
26373	972
41574	623
23331	721
17969	638
35291	564
15240	598
27471	637
46917	461
27471	637
36369	356
42575	613
42575	613
17969	638
24517	977
27715	832
47473	911
43826	399
43690	747
15112	584
26026	872
48064	953
22635	784
43332	654
36423	513
26818	863
13252	468
22384	497
47848	836
44127	893
31991	553
13644	717
10223	649
22635	784
23399	559
48782	918
11144	905
41209	885
36369	356
46746	913
40474	341
41574	623
49401	832
23399	559
12161	472
44665	489
13252	468
30926	361
27471	637
17098	810
42353	457
27715	832
27715	832
48782	918
22782	336
14739	583
17274	697
40851	353
19668	348
10075	766
36099	606
36224	576
42575	613
41296	891
32557	452
43826	399
17895	886
29973	761
41209	885
48624	891
17969	638
16893	568
32769	711
17112	426
35291	564
22635	784
14289	904
43735	463
36053	981
31991	553
44127	893
41954	618
26644	885
29432	701
41378	795
19788	968
42303	771
45869	447
17214	707
14324	529
13565	657
27539	461
13040	573
41296	891
47848	836
31218	925
16800	965
16184	892
41378	795
27587	408
14289	904
33896	319
46823	874
36053	981
43472	340
20819	572
24014	600
11852	902
29922	820
13565	657
23080	321
11693	325
48624	891
13040	573
16456	770
23080	321
28099	488
44953	755
42353	457
41209	885
17969	638
28742	327
21725	932
43690	747
43472	340
46823	874
26567	905
27715	832
23997	863
16800	965
17980	717
19445	570
41175	884
44665	489
27657	661
26802	308
35749	303
27197	379
47736	877
12893	450
48457	984
19227	393
49331	312
33896	319
11752	723
12010	332
43826	399
21072	538
43690	747
47727	675
28349	831
22063	466
41378	795
16838	962
48065	834
31214	577
42303	771
19788	968
16893	568
29432	701
14739	583
10613	353
48624	891
14536	912
22782	336
22635	784
14536	912
43332	654
23399	559
13644	717
10377	902
31214	577
23331	721
29160	803
29973	761
16838	962
34843	376
22782	336
42860	868
30951	718
17895	886
41202	433
32270	584
33804	963
25466	331
17980	717
17274	697
49982	551
34843	376
46746	913
29103	774
26644	885
29880	392
44581	498
46014	515
37673	797
41296	891
36354	860
26373	972
11517	752
20574	768
39218	975
21725	932
26373	972
39218	975
11072	614
32270	584
12161	472
22063	466
19788	968
24014	600
28599	752
41296	891
49331	312
10377	902
14739	583
47473	911
38367	389
29432	701
23002	644
19891	650
11517	752
29432	701
12010	332
14536	912
48589	843
23997	863
19735	627
31875	975
24517	977
36369	356
27715	832
30142	691
27471	637
14289	904
43472	340
30926	361
19735	627
24014	600
33896	319
45099	748
17128	824
19689	754
23813	614
30855	930
22384	497
49419	562
30142	691
11144	905
22782	336
48624	891
22350	493
44665	489
31991	553
13040	573
36354	860
38367	389
49401	832
28099	488
12893	450
15106	447
48064	953
20819	572
42412	311
29103	774
39546	397
48457	984
32557	452
47473	911
11072	614
26373	972
13040	573
31186	365
11419	364
47473	911
30352	623
48457	984
22063	466
18522	644
22384	497
15112	584
30853	854
16456	770
31218	925
48624	891
19445	570
15112	584
20819	572
12167	386
14702	708
47848	836
24203	559
10527	983
17980	717
23997	863
30352	623
14324	529
48065	834
35291	564
42412	311
24847	530
24203	559
23080	321
27197	379
19008	842
36224	576
47736	877
41574	623
26644	885
14702	708
20944	302
31991	553
42575	613
30853	854
34234	781
17895	886
11072	614
49982	551
10777	503
20574	768
43852	491
15106	447
17214	707
26818	863
18722	481
28599	752
44953	755
12152	784
29322	456
21008	538
10075	766
12152	784
17980	717
19735	627
12167	386
48104	989
22384	497
11517	752
10223	649
39546	397
12010	332
21725	932
42353	457
24585	540
32557	452
14488	450
27657	661
31875	975
14739	583
16482	644
19891	650
43690	747
26644	885
24203	559
36369	356
28099	488
23080	321
10777	503
10613	353
22350	493
17274	697
35937	836
10861	546
43690	747
18722	481
42575	613
12902	592
18522	644
19788	968
23331	721
39218	975
32167	443
23080	321
43472	340
24847	530
17128	824
30926	361
18861	484
48457	984
44665	489
10377	902
44127	893
29432	701
42303	771
14324	529
23399	559
29160	803
29322	456
10613	353
23331	721
17969	638
41296	891
14488	450
19445	570
15112	584
48104	989
31875	975
34234	781
36369	356
15112	584
19788	968
48782	918
14739	583
23904	978
41296	891
16893	568
37673	797
33839	692
45099	748
17214	707
27197	379
30926	361
31218	925
21679	447
11734	310
21725	932
21437	746
14289	904
19788	968
47473	911
41296	891
10613	353
29432	701
38367	389
15106	447
31875	975
29880	392
29922	820
29432	701
36053	981
16184	892
23997	863
17128	824
34285	367
30853	854
26802	308
18131	496
42860	868
43389	681
16184	892
42087	421
30855	930
16184	892
16184	892
41954	618
44581	498
38603	876
16482	644
15240	598
29922	820
46746	913
19689	754
42493	643
22350	493
28099	488
17895	886
12161	472
15112	584
20117	307
11693	325
10377	902
45866	710
32769	711
19689	754
17533	704
42303	771
41209	885
16800	965
35749	303
32167	443
20574	768
19445	570
46917	461
18131	496
41209	885
34843	376
38367	389
20944	302
40851	353
40851	353
47727	675
46823	874
11144	905
23399	559
47848	836
22350	493
17128	824
48104	989
21008	538
48064	953
23813	614
17895	886
47848	836
36354	860
16456	770
35860	588
39546	397
22063	466
41175	884
31186	365
15112	584
28742	327
35937	836
19668	348
27587	408
18522	644
47736	877
26818	863
15290	310
19668	348
43735	463
40851	353
11429	305
47727	675
30926	361
22635	784
35749	303
16456	770
36369	356
11517	752
24847	530
34765	601
17128	824
28099	488
46823	874
43384	469
49419	562
10835	353
27471	637
48457	984
21679	447
43472	340
48624	891
11714	607
31875	975
43735	463
27539	461
26567	905
11429	305
14536	912
19689	754
17112	426
11072	614
10835	353
17274	697
34765	601
14739	583
24585	540
17895	886
16184	892
42353	457
10563	471
42412	311
43735	463
48782	918
10613	353
30926	361
44581	498
10075	766
48457	984
10283	489
31214	577
10563	471
24094	476
36277	353
28099	488
33896	319
36099	606
19891	650
49331	312
36224	576
19735	627
21528	950
26644	885
37828	420
21437	746
10613	353
41954	618
21679	447
23002	644
11072	614
33839	692
25466	331
45099	748
23399	559
21437	746
12902	592
19445	570
13206	735
26644	885
46746	913
48104	989
33839	692
47848	836
22782	336
46746	913
43826	399
44581	498
29439	398
43332	654
42860	868
42303	771
47727	675
36099	606
46917	461
35860	588
40851	353
34765	601
11429	305
14536	912
41954	618
14702	708
36053	981
13644	717
36277	353
38367	389
46746	913
37673	797
33804	963
21008	538
23997	863
49982	551
42575	613
12902	592
26802	308
21725	932
14324	529
39218	975
42860	868
43690	747
21528	950
22782	336
11517	752
37828	420
18131	496
35291	564
36277	353
15106	447
34843	376
33365	380
25466	331
27197	379
42860	868
40106	750
46014	515
21725	932
23813	614
25466	331
16482	644
17980	717
41209	885
20819	572
27539	461
23997	863
17112	426
25466	331
21679	447
11144	905
21679	447
29973	761
31875	975
48589	843
27587	408
17533	704
43384	469
19735	627
24585	540
49401	832
30951	718
27539	461
11419	364
42412	311
42087	421
35860	588
41574	623
31214	577
47473	911
27657	661
42303	771
24585	540
17533	704
41296	891
15290	310
23002	644
21072	538
32167	443
48104	989
42087	421
41209	885
43332	654
45866	710
19008	842
30352	623
42860	868
26818	863
21437	746
19445	570
24517	977
11429	305
34234	781
41574	623
47848	836
23997	863
13206	735
36354	860
49401	832
18861	484
48104	989
28599	752
19008	842
41202	433
41175	884
10527	983
29973	761
10613	353
32167	443
44953	755
49982	551
24014	600
36277	353
31214	577
42860	868
30855	930
11852	902
33804	963
27587	408
26818	863
31186	365
49982	551
17112	426
27587	408
48065	834
17112	426
37673	797
20819	572
45099	748
46823	874
12167	386
47473	911
28099	488
26818	863
26802	308
48065	834
27471	637
14536	912
48624	891
30352	623
16482	644
28599	752
21437	746
14154	966
25466	331
29160	803
30926	361
32557	452
12902	592
33804	963
44127	893
31186	365
27197	379
43332	654
15290	310
21008	538
13565	657
21008	538
10019	386
28099	488
23813	614
23072	972
12902	592
27657	661
45099	748
20819	572
29160	803
12902	592
48915	787
12152	784
48624	891
38367	389
26373	972
23331	721
36099	606
30853	854
10861	546
18861	484
35749	303
26373	972
10223	649
34843	376
33839	692
10019	386
38367	389
27539	461
15290	310
16482	644
40851	353
30951	718
24517	977
11693	325
35937	836
42860	868
10835	353
10527	983
10861	546
35749	303
24585	540
24517	977
15290	310
10527	983
46014	515
33804	963
11144	905
34843	376
34843	376
41296	891
30855	930
45869	447
10075	766
23002	644
10527	983
15112	584
11419	364
45866	710
36099	606
19008	842
20574	768
29103	774
48457	984
15112	584
24585	540
12902	592
30951	718
25767	528
43826	399
20117	307
24585	540
43735	463
23904	978
38367	389
45869	447
17980	717
12902	592
23997	863
22350	493
14289	904
17128	824
23080	321
20819	572
31214	577
39546	397
32557	452
16482	644
49982	551
31991	553
24847	530
48457	984
34234	781
11419	364
46823	874
26644	885
23002	644
16838	962
48624	891
11852	902
11144	905
46917	461
34843	376
35937	836
20819	572
39218	975
41574	623
30853	854
19445	570
46823	874
42860	868
42860	868
44581	498
24014	600
12893	450
48064	953
24203	559
47727	675
34871	763
17128	824
12167	386
33896	319
48064	953
13206	735
35860	588
30142	691
10861	546
36369	356
33896	319
12167	386
34285	367
16482	644
23997	863
48589	843
11714	607
13644	717
41209	885
13252	468
43384	469
37673	797
19008	842
27715	832
44127	893
19788	968
15290	310
29922	820
13206	735
13040	573
40474	341
19008	842
41296	891
48457	984
19735	627
27657	661
17895	886
27657	661
44127	893
36423	513
41202	433
35291	564
21008	538
27471	637
29322	456
41574	623
11714	607
14702	708
11693	325
12010	332
23072	972
10861	546
21528	950
11852	902
29973	761
49419	562
42412	311
40851	353
38299	766
14536	912
10777	503
26644	885
46258	672
48624	891
42353	457
47727	675
11734	310
42575	613
23002	644
30142	691
48782	918
45869	447
10563	471
11517	752
23904	978
41209	885
41202	433
26818	863
19008	842
28349	831
34871	763
24094	476
14702	708
20117	307
17980	717
14702	708
34285	367
47473	911
37673	797
41378	795
31875	975
15112	584
10861	546
23813	614
43389	681
48104	989
25767	528
16838	962
14739	583
10835	353
19668	348
26373	972
14536	912
30352	623
36099	606
22384	497
36099	606
42575	613
41209	885
21679	447
20117	307
41296	891
27587	408
27715	832
41202	433
24203	559
11144	905
20574	768
18131	496
19689	754
46258	672
19735	627
27587	408
24014	600
23072	972
40474	341
36354	860
30142	691
27539	461
13206	735
20819	572
14488	450
30855	930
13206	735
17969	638
46258	672
10613	353
10019	386
48104	989
24203	559
11517	752
31186	365
27197	379
49419	562
20944	302
42353	457
30855	930
42353	457
18722	481
23331	721
43735	463
17274	697
48624	891
32167	443
20944	302
40474	341
13206	735
41209	885
20944	302
44581	498
31214	577
19689	754
19445	570
43472	340
13206	735
15240	598
46014	515
14702	708
29160	803
36423	513
14488	450
11734	310
29160	803
27715	832
22635	784
36224	576
20117	307
14289	904
27197	379
42303	771
42303	771
28099	488
31218	925
21008	538
25466	331
23399	559
36224	576
35937	836
24094	476
28599	752
33804	963
24203	559
30142	691
21008	538
27539	461
43852	491
17128	824
17980	717
32769	711
13565	657
41378	795
32769	711
22384	497
33365	380
16893	568
24203	559
21008	538
12010	332
43389	681
13644	717
11693	325
34765	601
28599	752
18861	484
16800	965
10861	546
21072	538
17128	824
17980	717
28599	752
34234	781
31186	365
26802	308
19891	650
32557	452
42860	868
27715	832
34285	367
34285	367
45866	710
13565	657
39218	975
10835	353
47473	911
18522	644
35749	303
48915	787
48104	989
26818	863
44581	498
48782	918
31218	925
26373	972
21725	932
26802	308
35937	836
29880	392
29439	398
14702	708
43826	399
45866	710
18722	481
23002	644
24517	977
27197	379
42087	421
23904	978
17214	707
15106	447
23997	863
11072	614
33839	692
20944	302
36277	353
31218	925
14324	529
24517	977
47473	911
10835	353
36423	513
27715	832
32769	711
34871	763
17214	707
42493	643
26818	863
49401	832
22063	466
26026	872
12893	450
27539	461
14536	912
25767	528
29973	761
19788	968
36277	353
31186	365
27471	637
18210	476
12893	450
42353	457
44581	498
36277	353
16893	568
34234	781
44765	885
42860	868
48782	918
41209	885
36099	606
23904	978
39546	397
25767	528
36224	576
17980	717
22782	336
42575	613
33839	692
10527	983
11072	614
17533	704
10613	353
13565	657
13252	468
21437	746
38367	389
10613	353
15240	598
11693	325
40851	353
30352	623
10075	766
35749	303
22063	466
26567	905
17980	717
48104	989
47473	911
22635	784
39546	397
30951	718
22782	336
11144	905
34843	376
46746	913
38299	766
26373	972
22384	497
44953	755
35749	303
32270	584
42575	613
17214	707
27539	461
20574	768
34871	763
12161	472
48589	843
10527	983
20117	307
10223	649
32270	584
43332	654
42860	868
14488	450
27471	637
11429	305
30951	718
19445	570
24847	530
11714	607
10019	386
46258	672
17895	886
30142	691
10777	503
31218	925
30951	718
23072	972
30352	623
19668	348
13565	657
43690	747
20944	302
21725	932
49401	832
26802	308
10075	766
44581	498
30853	854
44765	885
38367	389
29880	392
17098	810
41574	623
44953	755
34285	367
11734	310
11419	364
27471	637
10527	983
36099	606
33839	692
33839	692
27715	832
25767	528
12893	450
43384	469
23331	721
35749	303
12152	784
25767	528
35291	564
48915	787
23997	863
27539	461
30855	930
16800	965
41175	884
28349	831
28742	327
18722	481
31875	975
19735	627
41574	623
17128	824
36224	576
11752	723
14739	583
49401	832
36423	513
12152	784
47727	675
18210	476
27587	408
29160	803
10613	353
41965	621
21008	538
31875	975
24094	476
32167	443
23080	321
34843	376
28099	488
48457	984
49419	562
32769	711
11693	325
39218	975
39218	975
21008	538
19227	393
34843	376
37673	797
26026	872
31875	975
17895	886
26567	905
26644	885
27197	379
15106	447
43690	747
18131	496
30853	854
32557	452
36354	860
48064	953
12893	450
47727	675
34234	781
44665	489
11734	310
29322	456
43389	681
25767	528
35937	836
20117	307
25466	331
48589	843
24203	559
48065	834
41954	618
30142	691
12167	386
48915	787
27471	637
43389	681
43389	681
14324	529
48064	953
11429	305
42493	643
43690	747
30951	718
17533	704
10835	353
34234	781
33896	319
19008	842
11734	310
15112	584
28599	752
45869	447
34871	763
36099	606
29880	392
10075	766
42860	868
18522	644
43735	463
46258	672
30926	361
29103	774
43735	463
12161	472
43735	463
11429	305
19891	650
19227	393
19735	627
48064	953
29880	392
17969	638
49419	562
19788	968
15240	598
26644	885
18131	496
40474	341
28599	752
46014	515
48457	984
36277	353
42353	457
17895	886
27197	379
36423	513
34234	781
19008	842
24517	977
16456	770
33365	380
22782	336
12010	332
45866	710
30352	623
14289	904
17274	697
36369	356
14739	583
19227	393
46917	461
31218	925
47848	836
29432	701
14536	912
20819	572
12161	472
12893	450
29322	456
11419	364
17214	707
15290	310
12902	592
13206	735
12152	784
10613	353
13644	717
44665	489
37673	797
23997	863
46746	913
11734	310
29103	774
46746	913
45866	710
14324	529
29432	701
44953	755
13040	573
36099	606
34234	781
45866	710
16893	568
13565	657
11429	305
46823	874
13252	468
11734	310
18131	496
11429	305
36224	576
19668	348
11852	902
17274	697
12167	386
20944	302
38367	389
10563	471
47736	877
41574	623
41209	885
41175	884
27715	832
31218	925
11734	310
27657	661
10861	546
11714	607
23072	972
42860	868
18861	484
42493	643
43384	469
36277	353
41574	623
35860	588
29432	701
36277	353
10563	471
20574	768
42303	771
33365	380
38299	766
12902	592
18522	644
19788	968
13252	468
15290	310
21437	746
36354	860
43389	681
33896	319
24585	540
15112	584
49982	551
22350	493
17895	886
16482	644
31875	975
23080	321
18861	484
47727	675
19668	348
23997	863
42860	868
10835	353
29432	701
39546	397
26818	863
14289	904
46823	874
11072	614
10527	983
23813	614
42353	457
11419	364
28349	831
41378	795
36224	576
27471	637
21437	746
31875	975
36277	353
11734	310
26818	863
38299	766
46258	672
19668	348
16184	892
10835	353
32557	452
10527	983
30951	718
15290	310
33804	963
18522	644
19735	627
26567	905
38299	766
35291	564
22350	493
46823	874
41296	891
22635	784
23399	559
48065	834
11517	752
14702	708
18861	484
22635	784
43826	399
14154	966
31875	975
47848	836
36224	576
41574	623
32167	443
29973	761
46746	913
11419	364
30853	854
30855	930
26802	308
26373	972
17895	886
25767	528
31991	553
36354	860
18722	481
45869	447
28599	752
14702	708
28742	327
43384	469
43332	654
45866	710
33365	380
22782	336
36224	576
34234	781
23997	863
11072	614
11752	723
18131	496
49419	562
17969	638
21528	950
27539	461
48915	787
26644	885
33804	963
45869	447
21437	746
42860	868
20944	302
19668	348
49419	562
36369	356
36099	606
27657	661
19735	627
32557	452
14739	583
48457	984
16184	892
34871	763
31218	925
25767	528
43735	463
13206	735
26373	972
43332	654
20574	768
20819	572
37828	420
17895	886
30951	718
24585	540
11419	364
27539	461
20117	307
47848	836
20117	307
44665	489
43735	463
15112	584
19689	754
49401	832
48915	787
48065	834
28099	488
42575	613
47736	877
15112	584
11693	325
18210	476
11144	905
34234	781
10223	649
17969	638
11429	305
24847	530
43690	747
24517	977
18522	644
41378	795
38299	766
24585	540
17128	824
27471	637
11752	723
27197	379
23331	721
30352	623
26026	872
10835	353
26818	863
24585	540
23997	863
15112	584
35937	836
30142	691
44127	893
34765	601
11752	723
26567	905
11852	902
33804	963
29160	803
10527	983
37673	797
11752	723
34843	376
42087	421
19445	570
35937	836
32557	452
43472	340
30352	623
11072	614
47727	675
15106	447
31214	577
44765	885
46917	461
34285	367
27471	637
10613	353
34871	763
16838	962
25767	528
17533	704
41378	795
21725	932
35860	588
38299	766
35860	588
31991	553
29439	398
43690	747
23048	760
48915	787
44665	489
29160	803
32270	584
12893	450
10527	983
23048	760
21725	932
29322	456
24014	600
20944	302
19008	842
34871	763
32270	584
34765	601
23813	614
35291	564
16800	965
17214	707
10019	386
41202	433
38299	766
19668	348
19008	842
41378	795
23399	559
30951	718
18522	644
12152	784
17980	717
49331	312
40851	353
17969	638
35937	836
32557	452
17128	824
23997	863
31218	925
14488	450
23813	614
19735	627
10527	983
44765	885
13565	657
30951	718
29432	701
37673	797
44581	498
27657	661
34285	367
41202	433
12893	450
25466	331
10861	546
33896	319
29103	774
16893	568
29439	398
41296	891
35749	303
24203	559
12902	592
44765	885
36423	513
23904	978
36354	860
10527	983
30855	930
30352	623
33839	692
16838	962
48782	918
35860	588
11144	905
27539	461
10283	489
23813	614
25767	528
40851	353
44581	498
27539	461
43389	681
43472	340
41954	618
28599	752
11693	325
29160	803
14289	904
44665	489
15106	447
20819	572
41209	885
15106	447
16893	568
43472	340
23002	644
49982	551
13252	468
41378	795
23072	972
48457	984
10019	386
14289	904
42303	771
37673	797
17533	704
17969	638
44665	489
24203	559
10075	766
28349	831
43332	654
23813	614
16893	568
35749	303
41954	618
13644	717
22635	784
37673	797
41954	618
26026	872
19445	570
26818	863
27539	461
47848	836
17895	886
27197	379
11752	723
21725	932
37828	420
25466	331
33804	963
22635	784
33896	319
11429	305
12167	386
46746	913
19891	650
11429	305
10527	983
10377	902
41209	885
12152	784
22063	466
46823	874
33839	692
23331	721
23904	978
22384	497
36099	606
41965	621
16456	770
17098	810
10527	983
31214	577
22350	493
29439	398
11752	723
15112	584
39218	975
24517	977
35937	836
17274	697
13644	717
47736	877
42303	771
48065	834
17214	707
29973	761
30853	854
44953	755
38367	389
17128	824
21528	950
46014	515
17098	810
17274	697
43472	340
14702	708
11852	902
35291	564
11429	305
27657	661
30142	691
22384	497
22384	497
33896	319
15240	598
10283	489
14536	912
49982	551
23080	321
23048	760
23904	978
26644	885
38299	766
42087	421
14536	912
12152	784
26802	308
11693	325
30142	691
30352	623
30926	361
18861	484
26818	863
12893	450
18861	484
26644	885
16184	892
48065	834
30926	361
49401	832
43852	491
13644	717
16482	644
41175	884
25767	528
48624	891
28349	831
49331	312
11517	752
33365	380
43384	469
42412	311
12902	592
47736	877
29322	456
11734	310
29439	398
11429	305
38603	876
40474	341
32769	711
18131	496
26644	885
35937	836
18722	481
49331	312
33804	963
41954	618
37673	797
13252	468
19689	754
17128	824
47736	877
24014	600
29322	456
17214	707
48782	918
44581	498
34285	367
43384	469
19008	842
29439	398
39218	975
42303	771
31218	925
14702	708
26644	885
33839	692
11144	905
23813	614
36053	981
19008	842
30926	361
21679	447
36277	353
42303	771
46823	874
48104	989
25767	528
45099	748
13565	657
34843	376
20574	768
15106	447
48104	989
36053	981
29439	398
49331	312
43826	399
33365	380
26818	863
21437	746
17128	824
26026	872
39218	975
41296	891
17274	697
10861	546
30926	361
11419	364
48782	918
27539	461
10223	649
48624	891
29432	701
11734	310
27715	832
20574	768
13206	735
17895	886
36224	576
24517	977
23399	559
19788	968
23002	644
32769	711
10377	902
28099	488
36277	353
29439	398
12893	450
30352	623
10223	649
37828	420
41965	621
17274	697
48104	989
44127	893
41378	795
10075	766
48457	984
42412	311
16893	568
10283	489
29103	774
14324	529
46823	874
34234	781
23002	644
26818	863
41954	618
41202	433
26644	885
12167	386
19788	968
29439	398
19668	348
26818	863
11429	305
20117	307
36354	860
47727	675
48915	787
17895	886
32557	452
23904	978
29160	803
46823	874
17895	886
17112	426
36099	606
43332	654
46917	461
45099	748
25767	528
12167	386
43389	681
43472	340
33804	963
14739	583
10075	766
47727	675
35749	303
43852	491
33365	380
38603	876
27715	832
17980	717
23399	559
30855	930
18861	484
13252	468
28742	327
42860	868
48915	787
30142	691
27197	379
26802	308
18210	476
42303	771
35749	303
32769	711
46917	461
12167	386
30855	930
32167	443
14702	708
48064	953
17980	717
16184	892
25767	528
40474	341
10861	546
18861	484
43735	463
34765	601
42353	457
34843	376
31875	975
23997	863
10861	546
48065	834
43332	654
26026	872
17980	717
42860	868
10563	471
21437	746
17274	697
26802	308
14536	912
24847	530
18861	484
14702	708
27715	832
38603	876
26818	863
35937	836
28742	327
21725	932
13644	717
13040	573
13565	657
22384	497
37828	420
18210	476
43826	399
20819	572
37673	797
10861	546
19788	968
27657	661
42087	421
43690	747
42493	643
17895	886
46014	515
40851	353
42412	311
38603	876
27715	832
16184	892
15106	447
11072	614
20819	572
42087	421
14324	529
12893	450
41209	885
44953	755
27715	832
19227	393
42087	421
32557	452
27587	408
10223	649
12010	332
10563	471
45869	447
38367	389
26818	863
10861	546
29432	701
20117	307
44953	755
42303	771
29322	456
47473	911
11752	723
14154	966
10861	546
13644	717
15112	584
10835	353
41378	795
29432	701
49331	312
33804	963
12010	332
48624	891
24585	540
27587	408
48065	834
33804	963
15112	584
41209	885
30926	361
10377	902
43472	340
28599	752
34871	763
22063	466
17980	717
21072	538
22384	497
37673	797
20574	768
11419	364
19227	393
32270	584
11734	310
29439	398
14324	529
30352	623
26644	885
13565	657
33839	692
11752	723
12893	450
38367	389
29322	456
41209	885
49401	832
36053	981
10223	649
11517	752
48457	984
44953	755
27657	661
49401	832
21072	538
41574	623
45869	447
14324	529
43826	399
30352	623
44953	755
16184	892
35291	564
41574	623
24847	530
20819	572
23399	559
42493	643
43389	681
22063	466
10019	386
37673	797
30853	854
27197	379
38299	766
32769	711
10377	902
11852	902
14154	966
46917	461
44665	489
11734	310
23331	721
24847	530
35291	564
42353	457
24847	530
23399	559
32270	584
32557	452
10223	649
41209	885
19735	627
16838	962
31186	365
17214	707
35937	836
10777	503
11693	325
17274	697
13252	468
46258	672
28349	831
42575	613
43735	463
29439	398
15240	598
23048	760
24585	540
29973	761
42860	868
17980	717
34765	601
14324	529
23002	644
36053	981
42493	643
34285	367
23080	321
26802	308
49401	832
43826	399
18722	481
30142	691
21008	538
32557	452
29439	398
24585	540
28599	752
11852	902
40106	750
49419	562
15106	447
16893	568
41378	795
30352	623
48065	834
38299	766
22782	336
17214	707
24014	600
28099	488
45866	710
32270	584
43735	463
24585	540
49982	551
43332	654
46746	913
36423	513
10777	503
42303	771
19891	650
17969	638
23002	644
21679	447
31991	553
44581	498
44665	489
47473	911
31991	553
14154	966
39218	975
18522	644
30853	854
26026	872
41378	795
19008	842
24203	559
43852	491
42860	868
36354	860
36099	606
11734	310
24014	600
38603	876
28742	327
11072	614
29160	803
44127	893
41965	621
22384	497
30951	718
28742	327
20944	302
44665	489
10283	489
11714	607
33896	319
18210	476
10861	546
48915	787
11752	723
48782	918
15112	584
13644	717
36053	981
49401	832
33804	963
17214	707
10777	503
14324	529
20944	302
16838	962
27197	379
36099	606
48589	843
21008	538
24014	600
40474	341
32167	443
34285	367
34765	601
43389	681
13252	468
26373	972
36277	353
18131	496
48589	843
11429	305
45099	748
36224	576
10075	766
42860	868
44581	498
49982	551
16800	965
35749	303
43472	340
23904	978
18522	644
30142	691
14324	529
46258	672
48104	989
24094	476
14289	904
17895	886
28742	327
19008	842
42303	771
49331	312
43332	654
10075	766
41175	884
47736	877
33896	319
11517	752
42493	643
46917	461
39218	975
49401	832
22350	493
42087	421
11072	614
48064	953
24585	540
48624	891
32769	711
41965	621
33896	319
14536	912
14324	529
28349	831
34234	781
20574	768
19008	842
30951	718
30853	854
26818	863
18861	484
15112	584
17895	886
43690	747
22635	784
21725	932
17274	697
22063	466
17969	638
40851	353
36369	356
33365	380
10527	983
18861	484
11693	325
13565	657
42303	771
36423	513
10527	983
31218	925
29432	701
39218	975
19445	570
34234	781
44581	498
26818	863
24094	476
17980	717
29973	761
10075	766
21008	538
23813	614
19445	570
27471	637
31214	577
42493	643
33839	692
43472	340
13565	657
12010	332
41175	884
27657	661
31875	975
30926	361
23331	721
19668	348
21072	538
11714	607
14488	450
30853	854
22384	497
49982	551
28099	488
48915	787
46258	672
48065	834
33804	963
15106	447
41296	891
41175	884
37673	797
32270	584
14739	583
33365	380
16800	965
27657	661
20117	307
12167	386
41574	623
46746	913
47848	836
10223	649
11144	905
21679	447
47727	675
17895	886
29432	701
12893	450
21072	538
16800	965
30352	623
12010	332
16482	644
33839	692
20574	768
44665	489
47473	911
44765	885
32769	711
35291	564
24517	977
19227	393
46014	515
13206	735
12893	450
17128	824
15112	584
11752	723
33365	380
17895	886
13206	735
46746	913
13644	717
31218	925
34234	781
27657	661
39546	397
42575	613
43826	399
41965	621
16838	962
25767	528
21008	538
41954	618
47727	675
28099	488
45866	710
17969	638
45866	710
28349	831
18722	481
48065	834
33804	963
43384	469
49982	551
42412	311
19008	842
43852	491
27715	832
43690	747
47473	911
15106	447
32270	584
21725	932
19891	650
32769	711
32557	452
27715	832
13040	573
31991	553
26373	972
26818	863
29432	701
19227	393
26026	872
17274	697
10777	503
42353	457
22782	336
13565	657
42493	643
13252	468
32167	443
13206	735
21725	932
35860	588
19689	754
48589	843
31875	975
34843	376
28349	831
32769	711
48104	989
30855	930
34843	376
41954	618
49401	832
28349	831
45866	710
28349	831
48104	989
23813	614
19735	627
46014	515
43690	747
14536	912
14536	912
11714	607
16893	568
27657	661
23080	321
19735	627
14488	450
37673	797
34234	781
22350	493
40474	341
37673	797
13565	657
23080	321
42493	643
48064	953
34285	367
32270	584
42575	613
23997	863
41209	885
36224	576
29922	820
40474	341
23904	978
32769	711
28742	327
36099	606
32167	443
43826	399
16482	644
23048	760
11734	310
20819	572
27471	637
43852	491
10861	546
36053	981
10075	766
35860	588
38367	389
48457	984
15106	447
23048	760
15290	310
46823	874
41296	891
29432	701
46917	461
45866	710
46014	515
28099	488
39218	975
14536	912
10861	546
42087	421
18522	644
46917	461
47727	675
11517	752
36277	353
18522	644
20819	572
26567	905
13565	657
41965	621
43389	681
36369	356
16482	644
36277	353
30142	691
41202	433
41202	433
37828	420
46917	461
39218	975
15290	310
20944	302
43384	469
28742	327
30926	361
23002	644
10563	471
36277	353
13252	468
44581	498
41202	433
23080	321
40106	750
19788	968
23072	972
36224	576
14324	529
10835	353
27539	461
18522	644
47727	675
14324	529
23904	978
12167	386
21679	447
33839	692
24203	559
23904	978
46014	515
11419	364
28599	752
13252	468
27539	461
31875	975
10613	353
12161	472
26567	905
18210	476
30951	718
14739	583
13644	717
40474	341
31186	365
13565	657
22782	336
35291	564
27587	408
43332	654
48065	834
48589	843
43332	654
42493	643
44765	885
10563	471
31186	365
38299	766
18210	476
25767	528
48104	989
32270	584
17533	704
17274	697
30951	718
47473	911
48915	787
41296	891
41202	433
28742	327
20819	572
36053	981
23997	863
23997	863
33365	380
21679	447
47848	836
15106	447
43852	491
27471	637
20117	307
38603	876
36423	513
22782	336
28099	488
24014	600
42303	771
37828	420
27539	461
48915	787
10835	353
36369	356
15240	598
11517	752
20819	572
12167	386
49419	562
16482	644
14739	583
48782	918
36224	576
19668	348
16184	892
11693	325
26818	863
11752	723
13040	573
41209	885
44953	755
22384	497
26644	885
44665	489
12902	592
32557	452
20574	768
49401	832
49419	562
29160	803
36099	606
39218	975
14739	583
26818	863
28349	831
21008	538
16893	568
17112	426
17214	707
16893	568
29322	456
17112	426
10777	503
38603	876
27587	408
19735	627
38367	389
20574	768
25466	331
10283	489
32769	711
42353	457
35937	836
13206	735
43852	491
29322	456
27197	379
13206	735
33839	692
41296	891
41378	795
33896	319
12161	472
47727	675
36099	606
15240	598
30855	930
11517	752
38367	389
31186	365
32167	443
19689	754
11693	325
27587	408
17895	886
27587	408
16482	644
14289	904
49419	562
34871	763
19445	570
35860	588
32167	443
12010	332
43852	491
43332	654
21072	538
12152	784
30853	854
13040	573
15290	310
28599	752
48589	843
48624	891
27197	379
29922	820
31218	925
23399	559
12167	386
32270	584
38603	876
14324	529
34843	376
46823	874
13206	735
20574	768
23002	644
16456	770
18722	481
12152	784
32270	584
11144	905
24585	540
22063	466
24585	540
48064	953
26802	308
37673	797
26818	863
33365	380
13206	735
20819	572
44581	498
47848	836
31991	553
27471	637
27197	379
11714	607
46823	874
14702	708
12893	450
27539	461
43332	654
45866	710
46746	913
22635	784
29439	398
32769	711
32557	452
20574	768
27657	661
20819	572
49401	832
17112	426
16482	644
17969	638
41954	618
48457	984
11852	902
34765	601
22384	497
48782	918
33896	319
29439	398
36369	356
23997	863
11852	902
10019	386
24517	977
10777	503
22063	466
29322	456
10075	766
38299	766
19891	650
14154	966
16456	770
23002	644
29432	701
34765	601
42860	868
40106	750
11072	614
12167	386
26802	308
14536	912
26026	872
30855	930
11144	905
19891	650
24847	530
43690	747
26567	905
45869	447
24585	540
22063	466
24014	600
14536	912
16800	965
24203	559
21528	950
48065	834
34285	367
18722	481
19735	627
11752	723
10861	546
43852	491
43826	399
20574	768
15106	447
45866	710
39546	397
18522	644
21437	746
41574	623
23813	614
11517	752
44127	893
19008	842
43852	491
29439	398
28599	752
47736	877
42353	457
32270	584
41378	795
43826	399
16893	568
41965	621
45869	447
43690	747
28099	488
24203	559
11419	364
45099	748
20117	307
11517	752
43826	399
23331	721
24517	977
48782	918
34765	601
24517	977
13644	717
17098	810
33896	319
18722	481
24203	559
27471	637
11734	310
37828	420
25767	528
36224	576
26373	972
17128	824
16838	962
44953	755
28099	488
39218	975
23002	644
43690	747
24094	476
46258	672
31186	365
27471	637
23997	863
32270	584
35860	588
41296	891
12161	472
28599	752
30926	361
15106	447
13206	735
12167	386
31218	925
44127	893
27197	379
39546	397
41965	621
44127	893
44127	893
21008	538
35749	303
30855	930
43389	681
47736	877
42412	311
10019	386
44765	885
30853	854
11734	310
24203	559
46823	874
36053	981
11072	614
17128	824
21528	950
47736	877
13040	573
45099	748
14536	912
29439	398
48589	843
21528	950
41202	433
44581	498
37673	797
43852	491
43384	469
33896	319
22384	497
46746	913
11752	723
28099	488
16800	965
35860	588
26373	972
23331	721
38299	766
41965	621
27657	661
43332	654
15106	447
48589	843
18522	644
31214	577
23904	978
38299	766
41954	618
45869	447
16482	644
17112	426
35937	836
29439	398
26026	872
44953	755
24014	600
18522	644
42353	457
46917	461
47736	877
29439	398
42412	311
16184	892
33804	963
35291	564
33365	380
11429	305
31218	925
43826	399
49331	312
25466	331
23904	978
18722	481
32769	711
38603	876
12893	450
35291	564
30352	623
29432	701
10861	546
39546	397
18522	644
16838	962
46917	461
12152	784
28742	327
13252	468
32769	711
43690	747
42087	421
23813	614
35860	588
22635	784
12152	784
27715	832
28742	327
38299	766
14536	912
20944	302
10283	489
48782	918
10075	766
31875	975
42303	771
23813	614
12010	332
36423	513
12152	784
10527	983
15106	447
22384	497
32557	452
11144	905
46746	913
24094	476
30352	623
11419	364
38299	766
23997	863
16184	892
15290	310
40106	750
12893	450
26026	872
41175	884
40106	750
24517	977
30951	718
43384	469
42860	868
35860	588
47848	836
41202	433
10613	353
10377	902
26644	885
18522	644
23048	760
45869	447
12161	472
19668	348
28599	752
29322	456
11517	752
11072	614
19735	627
22635	784
42575	613
20944	302
43332	654
37828	420
48782	918
23904	978
29160	803
22350	493
43384	469
49331	312
41574	623
15112	584
48589	843
10613	353
34843	376
22384	497
14739	583
29160	803
49331	312
12167	386
15112	584
11714	607
49419	562
32270	584
49401	832
17969	638
27471	637
23080	321
18861	484
21725	932
22350	493
18722	481
13565	657
10223	649
48624	891
42575	613
47848	836
39218	975
44665	489
43472	340
18722	481
38299	766
17969	638
48064	953
28099	488
36099	606
24094	476
45866	710
42575	613
18861	484
49982	551
41965	621
24847	530
28349	831
48104	989
11852	902
28599	752
22384	497
28599	752
22635	784
28099	488
18861	484
43826	399
11517	752
17980	717
37673	797
19735	627
25466	331
33804	963
34285	367
14488	450
25767	528
39218	975
30951	718
15112	584
13040	573
14536	912
41175	884
23813	614
25767	528
14324	529
13040	573
21725	932
24094	476
46258	672
45866	710
42353	457
14536	912
23080	321
44665	489
23904	978
19668	348
48065	834
21008	538
17895	886
24014	600
10283	489
31218	925
43389	681
30951	718
24203	559
38603	876
27197	379
24847	530
22782	336
17112	426
12893	450
26567	905
40474	341
13040	573
16482	644
47473	911
18210	476
10223	649
24517	977
23399	559
21008	538
43472	340
48065	834
29922	820
27197	379
18722	481
36053	981
37673	797
44953	755
10223	649
14154	966
24847	530
24203	559
19668	348
27197	379
22782	336
10861	546
16456	770
41296	891
23997	863
25767	528
15112	584
33804	963
36354	860
27539	461
28349	831
34871	763
11517	752
18722	481
30855	930
10835	353
13644	717
37673	797
23048	760
41574	623
24847	530
21437	746
31991	553
19227	393
49401	832
48064	953
44765	885
44953	755
36053	981
30853	854
46258	672
26802	308
14702	708
48064	953
48915	787
33804	963
20574	768
23997	863
34765	601
10223	649
41296	891
21072	538
23002	644
43389	681
36354	860
13206	735
39218	975
48589	843
41378	795
20117	307
21528	950
43690	747
23048	760
29432	701
24847	530
47727	675
43735	463
17128	824
23072	972
32557	452
37828	420
15290	310
11752	723
42087	421
11734	310
26802	308
15106	447
21072	538
11517	752
23904	978
42412	311
36099	606
45099	748
10527	983
38299	766
26373	972
10835	353
29439	398
23813	614
39546	397
49419	562
32167	443
48457	984
46258	672
14488	450
18131	496
49331	312
13565	657
13644	717
27715	832
32557	452
10563	471
43332	654
47736	877
43690	747
20944	302
35860	588
30855	930
45099	748
29973	761
21072	538
43472	340
19788	968
41202	433
16456	770
43472	340
24203	559
29432	701
29432	701
31214	577
49401	832
11144	905
34843	376
23080	321
43690	747
43852	491
36224	576
41574	623
15112	584
36369	356
24585	540
21072	538
17128	824
27471	637
30853	854
22635	784
47727	675
35937	836
24203	559
11734	310
10835	353
26026	872
23813	614
29432	701
39218	975
23997	863
41209	885
10861	546
11144	905
12893	450
27539	461
22063	466
43690	747
26818	863
21437	746
10223	649
24585	540
29322	456
47727	675
43735	463
48064	953
28349	831
48589	843
29432	701
35937	836
19788	968
29439	398
18131	496
43332	654
18722	481
35291	564
11752	723
45099	748
48065	834
44765	885
23399	559
18210	476
26567	905
44581	498
46014	515
18522	644
19891	650
37828	420
17533	704
27471	637
41378	795
17895	886
49419	562
46746	913
19008	842
31214	577
27587	408
17128	824
13040	573
22782	336
22350	493
10861	546
21437	746
36099	606
31875	975
40851	353
34765	601
15112	584
32557	452
39546	397
35860	588
38299	766
19689	754
12893	450
19689	754
31991	553
15290	310
10283	489
26802	308
21725	932
11693	325
25767	528
23331	721
44127	893
41175	884
40474	341
31186	365
49331	312
21725	932
29432	701
36224	576
28742	327
24517	977
22635	784
44765	885
19008	842
41175	884
48624	891
10223	649
14289	904
29439	398
39546	397
22782	336
19689	754
42575	613
23813	614
11693	325
42575	613
19445	570
13644	717
18861	484
11419	364
31214	577
24517	977
28349	831
12902	592
40474	341
46917	461
14154	966
10377	902
27715	832
24094	476
41378	795
42087	421
34285	367
48104	989
48589	843
24847	530
36053	981
14739	583
30855	930
41954	618
23904	978
10613	353
33804	963
35860	588
19668	348
41175	884
32557	452
43826	399
11419	364
19668	348
35860	588
15112	584
26567	905
36099	606
23048	760
34843	376
14289	904
13206	735
32557	452
10223	649
16482	644
12167	386
17969	638
16184	892
23997	863
38367	389
37828	420
19891	650
17128	824
23072	972
24014	600
23080	321
19735	627
23048	760
21679	447
33804	963
42575	613
38367	389
14324	529
21725	932
30853	854
47736	877
21528	950
38603	876
21437	746
24585	540
37828	420
11714	607
29160	803
49331	312
19891	650
18131	496
36423	513
14536	912
12167	386
18131	496
21008	538
47727	675
29160	803
23080	321
38299	766
13644	717
10613	353
19227	393
30951	718
48065	834
11752	723
26373	972
17112	426
48104	989
48624	891
11752	723
29439	398
30855	930
26026	872
23399	559
19788	968
34843	376
13206	735
42493	643
46014	515
34234	781
30352	623
24517	977
48104	989
42412	311
21679	447
34843	376
33804	963
19788	968
36053	981
44581	498
23080	321
25767	528
14154	966
36053	981
48915	787
13565	657
11429	305
18722	481
41202	433
24517	977
28742	327
35291	564
47473	911
40106	750
34871	763
21008	538
10019	386
23813	614
19445	570
14739	583
44765	885
19445	570
31991	553
36369	356
32167	443
17112	426
32769	711
13565	657
48782	918
36354	860
44127	893
38367	389
27539	461
14739	583
33896	319
31875	975
41209	885
17112	426
30142	691
16893	568
17895	886
31991	553
47473	911
26644	885
48104	989
20574	768
23904	978
42575	613
24517	977
23072	972
18861	484
23399	559
11752	723
23331	721
14154	966
29922	820
45099	748
11734	310
41965	621
18210	476
21528	950
24585	540
29103	774
15112	584
23997	863
47848	836
29439	398
41175	884
18210	476
41175	884
45866	710
33365	380
29922	820
41574	623
43826	399
23331	721
43472	340
34285	367
33896	319
23002	644
46258	672
30855	930
22350	493
12902	592
41954	618
30855	930
36277	353
24847	530
38299	766
10527	983
21725	932
34871	763
26802	308
17214	707
49982	551
38603	876
12167	386
33804	963
42353	457
15106	447
17214	707
16482	644
23904	978
47736	877
36277	353
12010	332
11734	310
32167	443
23997	863
19735	627
19008	842
33839	692
23399	559
22350	493
35937	836
48065	834
23904	978
31875	975
19788	968
43852	491
23904	978
11517	752
32557	452
12010	332
19689	754
25767	528
29439	398
21437	746
44581	498
19008	842
47736	877
21072	538
35291	564
19788	968
11419	364
17214	707
13565	657
43852	491
15290	310
16893	568
48065	834
31218	925
24847	530
24847	530
10861	546
12010	332
38603	876
11419	364
48589	843
21008	538
32270	584
48915	787
11714	607
10223	649
41954	618
41296	891
18210	476
27471	637
17533	704
10777	503
36369	356
24585	540
26802	308
28599	752
39218	975
44581	498
44953	755
16184	892
13565	657
30926	361
30352	623
25767	528
34871	763
34871	763
26567	905
26802	308
36099	606
10377	902
21725	932
32270	584
34871	763
25466	331
48457	984
11734	310
36053	981
46014	515
14488	450
24847	530
12902	592
16800	965
23904	978
18131	496
40851	353
48915	787
32270	584
36053	981
13565	657
28349	831
10861	546
13206	735
43690	747
10223	649
15112	584
14739	583
14324	529
17533	704
27715	832
12152	784
10019	386
10777	503
10777	503
11852	902
23072	972
19668	348
33839	692
24847	530
26644	885
34843	376
30352	623
20944	302
11072	614
14702	708
34234	781
28742	327
31214	577
18210	476
38367	389
40106	750
11852	902
11144	905
25767	528
10283	489
17128	824
23399	559
14324	529
16893	568
29322	456
23331	721
19445	570
19735	627
13206	735
11714	607
29103	774
49982	551
17895	886
44127	893
13565	657
19788	968
44665	489
18522	644
29880	392
24203	559
16184	892
25767	528
44953	755
21072	538
41209	885
11693	325
19445	570
24203	559
13040	573
10075	766
24094	476
42575	613
12893	450
41574	623
24517	977
47727	675
19788	968
23997	863
14536	912
37673	797
29103	774
12167	386
36354	860
19227	393
43332	654
19891	650
15106	447
20117	307
41202	433
28742	327
38603	876
41965	621
10377	902
27587	408
46917	461
22350	493
17098	810
30926	361
28349	831
47736	877
30926	361
44953	755
17980	717
36053	981
20117	307
36369	356
36423	513
43735	463
44581	498
27715	832
16456	770
24847	530
29973	761
47727	675
17274	697
11734	310
15240	598
10223	649
11734	310
47736	877
49401	832
11419	364
24517	977
19891	650
10835	353
29322	456
15290	310
40474	341
13040	573
26373	972
43472	340
10075	766
25466	331
41296	891
46823	874
10835	353
17969	638
40851	353
32769	711
44665	489
10377	902
21437	746
16800	965
26026	872
46917	461
16893	568
23997	863
39218	975
33804	963
43472	340
36277	353
17895	886
46823	874
28742	327
36053	981
23813	614
48624	891
36354	860
11734	310
11852	902
29103	774
23002	644
27715	832
49982	551
44127	893
10283	489
26373	972
28099	488
33365	380
41574	623
11419	364
32167	443
48457	984
20944	302
29439	398
48104	989
12893	450
37673	797
23331	721
23904	978
15112	584
27587	408
19008	842
18210	476
19445	570
11714	607
43690	747
12902	592
41965	621
14488	450
41202	433
44581	498
23997	863
16800	965
10075	766
21528	950
27587	408
41175	884
41574	623
17895	886
11734	310
38367	389
36423	513
36099	606
17980	717
26644	885
23813	614
10527	983
27197	379
46014	515
27715	832
47727	675
16184	892
49982	551
27587	408
19008	842
23904	978
42087	421
44581	498
49419	562
47736	877
22782	336
29103	774
39546	397
23904	978
11752	723
37673	797
25767	528
39546	397
23002	644
14739	583
24585	540
47736	877
34843	376
41574	623
48064	953
45869	447
10019	386
49982	551
19891	650
30855	930
20819	572
10777	503
20944	302
16800	965
29103	774
21008	538
17128	824
26802	308
23331	721
42860	868
34871	763
13206	735
15240	598
17980	717
46258	672
24585	540
21725	932
41378	795
23399	559
43826	399
26818	863
31214	577
30142	691
28099	488
41209	885
23813	614
14536	912
19891	650
23813	614
11517	752
32557	452
44665	489
29922	820
33839	692
34285	367
14739	583
32167	443
41965	621
10527	983
44127	893
17128	824
14488	450
10563	471
17128	824
34285	367
48104	989
26373	972
19445	570
23813	614
30352	623
15290	310
40106	750
12893	450
42303	771
32769	711
17214	707
42303	771
49331	312
31186	365
33896	319
49401	832
17533	704
15106	447
19788	968
13040	573
29973	761
28599	752
29439	398
29432	701
19227	393
10527	983
19788	968
14702	708
29973	761
43384	469
36099	606
35749	303
29103	774
28099	488
42575	613
11419	364
23002	644
37673	797
16893	568
13565	657
27197	379
10283	489
48457	984
47848	836
28742	327
39218	975
11517	752
24094	476
46823	874
21072	538
26644	885
44953	755
42303	771
17980	717
26567	905
41378	795
17214	707
26026	872
20117	307
31214	577
15240	598
29322	456
41209	885
34285	367
12902	592
28599	752
11693	325
13565	657
26373	972
39218	975
40474	341
38603	876
35860	588
34285	367
48915	787
38603	876
27539	461
42087	421
14324	529
20117	307
18522	644
49982	551
48589	843
10613	353
21528	950
17112	426
36099	606
28599	752
17980	717
22635	784
11517	752
10835	353
17969	638
31186	365
23080	321
36354	860
11693	325
20117	307
21679	447
38603	876
12893	450
19891	650
13644	717
19668	348
10223	649
43332	654
48064	953
29880	392
16184	892
24847	530
26567	905
39546	397
12161	472
37828	420
16838	962
11752	723
29103	774
26818	863
37673	797
12161	472
34234	781
21725	932
45866	710
22384	497
26026	872
13040	573
38603	876
34285	367
10613	353
35937	836
23080	321