38596
-54856
18388
32636
52555
89808
49072
-6419
55607
95020
-27538
-52158
90880
-47492
-14494
26656
22745
-99550
-98129
-33253
19859
-17456
26717
-96097
-68064
6656
-24274
73785
-5901
93527
-65686
-15587
50286
21561
-57352
-73664
-94204
-67469
59961
-24327
9542
-79477
62849
30599
-24232
33261
54212
-30855
-52303
19669
59637
49877
-83688
62886
-3048
48849
57527
39582
-92865
30140
-3473
-5709
96033
6853
-50330
-41288
-82938
13627
37623
2231
-23158
-15177
-42513
-94506
68362
84147
45990
-99553
-38055
-75727
87195
-26315
74983
-9538
54728
3200
54309
61274
-95027
-63957
-1727
-64282
-13662
39178
9636
-53031
25895
-86500
60435
97851
95702
98209
46625
48935
-9609
-3470
-11351
92259
-43826
49134
-20689
30223
76790
-35328
-68478
75839
-85784
-93100
-72194
-40549
-34213
91212
7996
40870
-22129
-12391
-35721
-29938
47339
47983
-4132
-63859
-5927
-99018
-17213
59947
-13101
3508
76554
62911
-68871
-14264
-58706
33237
-41248
-18015
-70483
-4953
-51533
658
71721
-76706
50223
-30084
-88549
-57908
-90639
-45756
-28981
35564
-81652
58884
73115
-52545
-93417
18464
70776
45029
19722
-54863
30308
-10810
96841
48762
59680
-52601
10811
15924
-18203
57354
52191
-58267
64405
74918
-90264
-28363
41415
-42979
-78250
-59852
-44665
-24978
9633
23646
-47109
84213
16963
-61817
-67363
-45890
98472
-51799
64801
48816
-82454
-95338
-43058
-65153
98993
21492
-10868
33920
88409
-41034
-22753
-67245
-10540
16132
-93816
-22375
46068
-13901
-46645
-73607
59532
72564
-42266
-66916
1904
-47710
-16230
72064
-88721
17806
-11179
-78120
-6993
-83413
53752
48575
18495
-79583
-6734
17977
3262
61619
88655
-54078
13108
-4692
-90502
-84012
93829
-26378
26421
-63445
89076
80881
62649
-52313
23279
76502
-88256
-43267
2767
73785
-78108
-63980
-15316
-65512
-47299
-51698
4924
-15097
376
95486
29500
23521
55358
43180
45007
71582
4482
79462
44554
-76119
28409
-5111
45341
31947
44225
72500
-37366
62096
97008
38423
-31383
-70353
40580
-60647
56065
70874
75387
-2821
61536
-16729
-57177
-58475
-19931
-98862
-65488
-12235
68480
-55397
50930
-84892
75567
-72711
33319
-62045
60897
99415
-82791
16567
43200
1796
81462
-23059
-30626
-55776
87394
-53602
-79541
98950
15190
-5699
-45392
39985
-6692
33142
-92968
10884
-29264
83864
60407
-59016
-44768
-59328
17304
24264
49589
30636
-83699
-6568
35478
-10314
72351
17222
-1123
57888
-88403
-78970
-67652
-17312
-24135
-92469
66993
92917
27152
-29988
-70265
-44646
-53036
30330
-84790
-70308
-11031
-91457
-67876
-57975
28466
4209
60817
-3509
-43406
-63293
-29339
-76051
-73685
-59572
-18398
-65607
64604
13164
-49375
15907
-49930
-56337
56191
2702
-86308
48756
-58496
48287
48143
84519
55587
18507
-73166
-52833
-51879
-55467
-63367
66985
6624
3992
81381
41222
93643
71019
21404
21186
-88989
-11071
-15495
-59438
39932
16638
-16966
63367
-42001
81339
-96403
38425
-19479
59380
374
14394
-35917
-73689
81888
54539
96905
67036
21426
-4121
-26511
94223
-40776
-57203
14638
-81050
-1805
-42749
22904
22291
27723
63441
21526
-55128
89180
58006
76588
-30616
26462
-40291
73727
-65185
-52057
-21087
-90685
41168
-37965
-63197
-80422
59180
48195
-47900
-99287
-58015
-36621
30978
-77363
23017
-69424
88434
68452
40905
92510
-18767
-67479
9116
-30743
-74337
48379
-80622
85758
-2577
90261
-71495
-19603
-71657
-89452
-29130
-62134
95941
23815
40452
-63590
-14819
70832
-66561
-56724
-16302
62165
-39665
-31217
-45369
56107
-51517
16008
-42643
18449
3378
-60600
12726
-3306
-22822
6396
-34516
49608
54488
-76546
86804
-17577
-91335
7037
16158
-69372
-85695
-69668
86842
-84294
-90815
83195
76250
-43141
-23260
29645
47916
9917
-33545
72196
19283
39078
47006
79751
40138
31363
-82271
53566
73799
81886
76605
-59124
-95878
-84986
-95313
94894
-18989
57804
53695
-10262
-56409
5048
-75271
54840
-49965
29687
12857
87391
-2547
-74711
43246
-53129
73389
97801
-49591
-82167
60375
19938
-98721
-83391
49073
73593
91839
65375
-88238
-907
-9691
28895
-13921
71070
-27619
34635
-22176
-23442
83417
-59856
6719
88022
-55646
-23529
5281
23376
-67811
-36774
-3664
11331
-87487
-74531
23982
37787
-88388
27809
92305
-25837
64032
12460
-77394
88960
-69518
77736
66016
-69499
55890
-32440
75376
24787
-79418
-46714
83251
82009
-77321
-1923
-58608
-14569
5647
-44383
71433
87760
-87820
22862
-3726
-61315
74219
-83144
-43555
-62575
-79391
-96549
-27730
-96565
13126
313
51636
7783
23490
-63665
99616
-69436
-44671
-99877
-38399
50943
73006
-45495
840
-57657
-87167
51271
31576
17840
-3359
-68073
-38405
49506
32637
-8926
-7520
-86020
-60142
-77194
-11131
-23256
77249
77921
27895
-67234
60446
-69575
-57361
-887
36013
-91584
78634
-15388
5376
45581
-19730
28732
-32764
39548
19019
-14959
-41705
-11716
32523
-47041
-52193
27475
44669
83989
-78191
-82791
94278
22194
-23287
-5776
88811
-76565
-5221
3341
-45855
-59345
-70221
-9613
37593
-43036
7013
-14503
-954
-20908
-87891
43458
5240
43522
48536
-39257
-4607
-81163
-85844
-46417
74940
13514
53936
-51479
-39365
-91572
28805
49039
-13773
-9031
-2831
-7967
44442
-11231
93726
-57827
3734
11407
-15033
56867
1311
-26263
-10482
-97489
46603
-70182
82294
-56301
63777
-7839
-99015
54232
-75240
36973
83997
74163
-77321
62824
30618
-3108
-44622
-36656
-78165
3362
-61846
-16299
-36837
1325
15565
51812
1935
-24165
-7140
-84585
-31502
-44798
7052
47666
-24837
16251
-25342
-44880
59572
31136
23040
-40058
-66286
-22018
-8416
60195
-14667
68279
27749
-45389
-98819
-14985
-9950
-8311
76051
34072
-78749
-52856
-16008
-66707
-28600
-87870
70984
65601
88565
78470
40926
-85783
14863
91135
10466
-52631
29153
49451
-92703
3285
90077
-14148
-84598
78416
-49371
-61710
-41862
93591
57396
-72748
-77051
-2999
-78140
65759
-31270
-26817
-769
-96119
-14183
-24064
-85530
16807
11664
40239
-15864
-46019
37822
7191
-75368
-46744
-39615
-9428
-16510
-90909
13376
-26549
27585
-90591
75024
11365
-91906
98605
47058
-92345
-39832
23320
-77216
97059
69074
-44360
13206
-35411
43893
46438
31850
13299
40646
171
-58707
61092
-48302
10344
11359
29460
97701
55410
-49572
-57187
80653
84015
60046
-23813
-46754
154
-71311
-53430
-63478
-4856
37146
-17442
88217
-53023
48051
-28400
-10393
-77328
95305
62212
-47356
1793
53573
-48991
-34566
93549
-22899
-52809
-15598
-79364
-72072
93378
-79144
84955
87959
78582
-93764
85572
39010
-87440
-45407
-26390
-4736
-85517
-56913
36457
-82356
-45471
-38999
9473
32242
-75124
27595
19968
-17038
35527
-31587
-8330
88084
43347
-69369
-75865
63192
-63454
76080
65759
-6820
32030
67140
92934
-33476
45802
-15297
38535
82147
-22752
70552
77761
-22238
80452
-15925
-8417
3608
12130
-39959
-25977
-60536
-35251
65107
-76424
1582
-32544
8482
95325
-2518
13435
-30607
86183
52618
-32090
73195
33021
-83149
26816
78408
-31702
-27999
-49392
-27314
22873
43810
28316
12540
-86866
61488
68107
-49153
29757
31566
-18872
-34470
-56461
44017
36826
69550
88461
-27541
28202
37884
-22573
81268
66727
68262
-23009
-17353
87542
66832
52483
-30718
24939
59805
-93950
4485
5230
-23099
-42751
-9945
22547
-84717
-54304
-77886
59307
-71956
-55887
19460
-35382
-30687
6101
-43740
-80120
42084
-4298
84710
56665
-44280
15296
52165
5086
-57923
36672
88765
-10624
-36314
81639
8389
-52057
-67521
-79617
-25453
77743
59401
30031
51227
98998
98511
-82951
14561
69480
-28086
42933
99930
-61265
-47654
-86498
37072
-45778
-45217
-45671
-49602
18396
-80859
93596
93819
29674
33444
98804
-90145
98339
99089
-96150
-23108
47823
3295
13417
-51821
83774
8547
-19395
-10217
-47481
-25958
63967
-76786
-35457
-59997
-38924
-53563
-37179
54415
40264
-10671
35447
-98589
-90942
4003
-14072
-91354
-24118
83490
-93827
45642
-64069
-60603
-74153
69685
18256
-18028
10865
33869
-31917
-6799
-37597
-25537
-19786
-20506
9978
83862
-40145
-3374
-78100
-1148
25863
72803
96904
99455
-42489
-85775
47628
-90941
71775
99164
-99083
96285
51695
-61507
86242
-45321
90945
50696
2202
80290
74076
-63332
-42910
-32249
45883
-94220
-52077
61021
4662
-65304
21955
-20904
-85308
23655
-67769
66807
-13924
-15964
64616
-36966
75575
-94068
-38460
2582
-34543
-69120
-82139
95471
-70913
-75100
-99263
89584
-90314
10130
-16184
26107
32755
52140
80659
42555
-18217
66087
13399
33655
-82304
9457
28823
-55948
96973
-34453
41127
70299
19395
61065
64384
27519
56000
39062
-18917
17323
-87127
85486
86529
1333
-59103
-35930
34774
26938
-39405
83032
-40301
67181
-10508
37976
85051
32474
-47221
-94474
-24443
-79383
71221
6617
87341
79838
-64691
95119
16910
25416
69022
4673
9600
-90810
68904
-22684
36293
-78709
-22692
-21655
-99835
85054
-34585
-84351
-97058
37970
40010
-46189
54195
-13731
69380
-75565
55978
-65646
68638
10061
-62936
87801
-81644
57746
19434
-31858
12035
-69760
20494
-56383
-39522
76632
6115
50676
2129
-40215
30376
7024
-1120
89628
89485
-85870
-74341
41305
15875
77153
88495
39358
-51360
-92672
-7515
-22581
15306
83629
-98721
34710
61517
-36852
4765
75582
86678
67503
68501
-38937
47970
98073
57525
-11101
39155
14879
-47870
13725
77804
19664
-20953
-8907
84770
2081
-35400
86078
23980
10196
-9481
28409
11847
78496
76140
25275
84524
-96165
-63790
97778
73965
87961
-17607
32968
-4643
89450
-1363
-25910
-60166
-1
-41745
-56464
-3862
-74697
70908
41242
6250
75117
89527
51555
13052
7833
-28948
-40823
-67290
-51950
65892
-14039
89186
27585
85930
76143
-4967
-38910
-52511
24372
80427
-43722
49643
-936
23109
56342
-1082
-12568
-38099
-93029
81296
-31673
-82923
-35771
39518
-68428
9420
-20644
-6363
83587
28040
56438
55017
-66420
-41845
-84821
11125
12007
87681
63581
97636
-68566
-72365
-25012
-71116
-77764
23046
56939
-37012
-39382
65758
46397
-83254
-48513
-87045
63070
-42624
44889
97545
79799
-74948
73836
-68074
98739
87923
-60641
45197
99132
-17279
61224
-19151
80622
62412
88866
1762
-20992
-45499
41451
-88618
-27556
39682
46880
72391
3135
89540
-66900
91186
36826
7087
83913
64107
-53617
-9823
982
-84903
-14087
70606
-83315
-68128
77796
-34399
59411
-33584
90327
-6894
93079
-50678
99427
37870
56821
-26498
91006
-18083
36557
78951
-16356
39563
15206
-25147
93955
-25462
74700
48484
7727
7712
99753
-41038
-34187
59657
6981
-51855
7999
98064
3497
-64798
9731
-92329
59513
-72101
94755
88545
-73644
-96745
-44293
-90216
31642
55241
-23230
-73519
-25236
66630
-22743
-78059
-95699
-36795
24158
-85804
33016
92498
87201
79936
-35573
90841
-84830
-55470
-44597
-64497
39391
-67918
68179
45115
-98513
34680
-30364
74658
-82547
92676
6719
33346
-43278
1921
-36930
59097
-34613
-70262
30601
-80167
19723
28313
-7316
-33270
58085
8357
-59266
8757
-88309
-74010
32279
54553
-95985
8966
-57310
-10900
-41580
-19914
-3173
49188
50983
10159
-19487
67588
-9716
-4520
23162
47476
99129
93219
57228
36607
-51278
-75708
9001
14513
32262
65319
4803
-62513
23285
-44139
98408
-35424
27421
5661
-66612
-29266
72323
-55836
31582
-90101
42580
-97492
78092
-17704
35440
-76570
-72945
-34806
-75624
9931
94096
15386
79306
-78716
-38711
-32166
99431
-25594
19959
-33566
-67024
55936
-37856
-26850
-6618
-90250
33019
92679
30922
-25317
-17952
69350
-45920
-14701
25932
61544
-13421
29834
-43515
-57508
-23352
88479
70643
81560
35688
-16909
-32902
92352
-69860
-17124
53097
94005
65126
-66439
-13865
-31849
84177
92409
67265
-71056
-93020
35026
52831
-85254
93868
47360
-43807
-49580
89142
-5410
30360
-81227
-87216
39855
-3667
-86341
-6275
76989
31616
18763
-293
85825
172
-94542
-74187
-34971
87364
9735
-99107
-6522
91160
-8319
-87518
-54513
-37904
-21347
-46060
-76202
-42461
-13789
52045
-62328
29541
18503
90023
-16273
48793
4979
56216
70745
99466
-81692
-20895
89918
-41397
-18321
74228
-91491
-92541
28169
-56612
-88912
-20291
-78305
84488
-87156
-2425
-46210
48377
-84224
-16216
-38483
6611
86878
51846
1861
168
67063
16778
33047
-23292
78387
88688
-27273
-98266
-29410
9368
41498
79191
-28805
83861
-20934
-48192
3783
-34589
-32445
36623
-54949
-8633
-20025
-86507
-53826
-57959
-67372
45399
42854
-99105
31177
82058
-19402
-66168
67485
-27333
-64646
-57154
86725
-65640
-75487
83121
-90845
-25049
12324
-79254
38394
-58677
70017
-99917
-79688
-2213
-80031
-28019
-40948
92612
-24684
75352
21685
-66569
-110
-19109
84601
-41754
-34978
73155
50974
9689
-57454
56875
75809
-86832
34015
66840
84059
75419
1439
21824
9160
-6421
-32861
-22414
36147
70970
95680
-6335
10249
41856
46214
12510
-48844
-277
-80482
-65354
29675
11324
-55009
-57960
52728
-62698
-87908
96767
47781
95492
-4511
-64319
-33898
30238
-64398
77853
-36193
65073
-49733
-76265
12127
53890
30069
-7691
8780
31764
-39524
62015
-97446
42368
-23208
-66379
58380
87991
-94433
86878
79839
74416
76510
73978
-49055
23729
-81185
10222
54395
-42040
-70120
83463
-2439
81139
70504
-9773
-19609
68268
-27973
78158
40941
-26499
-55221
-50345
35901
-55133
21387
97860
-90205
35138
32511
-9816
12878
6076
2200
78173
-9180
19394
-71191
-44593
78221
25917
93599
30533
103
-21488
35311
48520
-81997
17797
-65587
41911
-97790
57900
-3424
28088
-69708
21215
35152
-46094
-21432
-20932
-49711
-40941
-46103
90340
-24321
74966
-88578
23006
-35325
98824
-22117
-87712
-1637
-6736
18886
20912
-27482
20504
-48614
-53922
74610
-97239
84223
-70736
-36731
-80739
-10145
-90494
72687
-22051
52915
85988
-34120
38137
-91268
-91708
92605
13675
-36603
-34564
94889
81992
16041
1521
62727
-68355
-72708
-93413
-97230
24152
9010
-75598
85831
-93225
-38770
-40570
75291
44485
71658
110
27025
-11486
-86791
-82886
82561
3513
-5661
32118
30602
38349
95498
-28712
31033
-33279
-38109
14020
-27773
-4760
-71448
410
-65571
72228
-6903
-79577
-14258
-97378
-29378
72946
26959
9943
-42716
-55270
21489
-27250
-17908
17489
-29602
9536
-3475
-39041
76178
-22017
90563
-57875
-75562
36798
-13998
-37955
35699
-14434
25622
-99987
-95056
-27236
-80407
-30117
79886
-24099
63683
7238
-7099
-20193
-59574
-9289
1851
-80838
71911
-71617
88225
-59733
-66794
-56584
27454
-27256
98424
15048
64689
244
21818
29393
-1306
-68545
96736
-15018
-21316
53139
12023
-14001
-49492
17919
-88026
-68637
-77388
-19536
64016
-55122
-44778
25928
75149
75046
78819
61951
65720
-7495
81359
79855
-85110
-48117
71076
25975
-33760
19831
-54402
76619
-34952
-25951
-60588
72874
26831
-53154
19459
-51232
14597
90839
-26174
55042
44484
65151
-97960
22258
79542
-16856
85697
93005
-38421
62790
28448
-88670
86873
14639
94621
80000
5447
-53166
26300
30144
-57697
-12413
76066
-1754
-87222
2522
64485
-91146
76584
16343
-40452
4258
-90564
-86418
1373
74125
59846
-67239
98927
-53859
-61038
-17139
-94731
12765
-23054
-10995
5339
-96826
-13571
-71107
38497
32011
-73794
-31184
-2976
-19110
52588
-80512
82093
-14210
63545
-84844
55905
-34749
-49112
63256
-94234
-80912
-3237
-29160
-88957
-91258
98019
-56492
62125
3886
83771
-38076
-33363
21644
-49163
-74786
-83102
64747
-36474
46561
-52812
-46929
-31331
53727
-28823
62862
15541
12481
-11113
-61977
48411
32720
-63867
44247
-88972
44970
20338
80432
-87610
85295
-52435
11343
82257
87688
-64684
-44619
-79911
29646
91226
-97556
60815
16600
-4213
82637
-1451
96452
-94345
-21985
13165
88117
-12304
75916
10737
3419
71515
-41581
53327
66613
-3924
12007
-1103
42794
38408
-6153
90894
95578
35355
-54882
-50661
-58153
62224
52385
49041
97921
-18443
55302
-12386
6606
99119
-11282
-4389
-57617
-22730
-94236
-41673
69387
35539
-28477
95947
-99811
33883
-27219
-48701
-31862
-82933
-84625
-29992
-11214
98456
49619
94247
-53288
99566
94145
-95243
-18607
-44468
-78401
76928
98420
-91111
5254
69425
-25066
58366
-23633
48262
-15909
-63627
-70755
-85033
67850
-13416
79495
93676
47097
20696
-21491
1689
96803
22549
13607
32494
-97355
-93126
97857
-47839
45948
55748
-11854
-88191
-4798
7123
75808
10399
-2547
20007
-91140
-84511
5866
-73442
-1684
-75934
-76829
77731
95927
47517
-11671
-70840
46148
-34457
-45766
-15636
74630
49650
67259
12809
81330
-34873
15671
-21656
-17351
-14122
52353
15743
-63355
87982
-52273
-88995
13653
86873
-68468
-68922
-60769
-49376
-54821
12875
27257
-96272
22252
-6901
58990
-75049
-3947
76651
74738
49928
73059
37560
22020
-87859
-1856
19081
-24094
75628
98624
-29296
-90167
-20392
-9389
-54653
-32340
45432
67531
-93795
81407
-26186
92027
-83858
-45587
-14390
-1429
-57567
79494
52954
98157
51396
65959
80073
45793
-76493
14293
31348
-16691
-50301
-39321
42797
-69666
41833
-43111
-81303
86690
71199
-9245
-95637
-21266
-80515
84853
-84727
-61554
-24650
-33705
-78319
-98100
41472
-36044
53818
15129
-19626
-53638
-3751
-57434
58607
-47714
22233
73756
-54823
41544
-16369
29045
94014
-32080
-24412
25195
53720
-26504
80848
93181
17314
41892
27719
65385
-83131
6281
66858
72045
39213
46669
-52820
-50589
-51758
-17480
-7514
47314
94956
19041
58977
-40753
-31024
-50002
-16183
-42249
-89311
-98312
-71199
3066
-32135
-35970
-71527
67871
25290
-98341
82284
20140
57503
78306
91463
-44948
39127
-59439
9545
83949
38421
78778
-97636
-34562
-68319
-18218
-96179
-76493
92961
29909
-57830
9731
-12690
-52175
-71974
11826
-54695
-84404
36236
50916
8040
95077
-80770
21783
87580
73663
-88521
61694
23310
82820
-52447
-73538
-92070
-98612
-67818
-89471
50516
20758
29427
-12980
2103
82683
80047
97576
31871
-66843
35294
64251
95450
42537
96312
-8661
17369
-13264
-24512
-56978
-86699
-40882
-22293
93139
-402
-68345
-10657
-65733
-12618
30650
11752
-82858
50728
67753
-17459
-85893
-97714
-96072
77242
67669
-64307
59762
-1882
-4047
2961
-72151
-22625
47780
-87252
98578
94972
-29178
-72008
-39016
77458
-36527
77095
-52124
-22487
-18262
-62993
-44057
53233
88703
68366
53379
7434
66465
62852
-49882
29506
64039
17077
71111
-34392
37434
-76216
-87497
-96260
-49915
-18110
-75369
43183
-33137
-72950
-78578
-75318
-87438
55282
-2496
-17438
-63910
92340
-5937
-61189
-38535
54770
64265
36572
61686
58296
7631
-43537
-17075
-96664
84839
66105
-9001
49620
-90600
-94580
68434
-49045
31469
-22958
-59136
-31428
-64908
-41835
-19073
82031
80006
-53525
31560
41676
-65430
46546
-49126
-82347
-77543
-78245
58794
-18933
36068
-62480
-49042
94080
-56530
21503
2960
-50607
94095
-48337
-63249
21196
39277
-35565
85160
21605
62095
-28254
-23861
-15800
-97598
-30351
-4980
5388
-51432
-60070
-21889
-3258
-99134
-32878
63269
-40216
-90882
19790
14133
92471
62693
-67648
-4313
-56723
-19809
-62208
-84115
81725
-20061
50230
-35112
74012
-96250
-8217
49765
-33697
16170
30533
83256
46017
6848
-86127
-84940
-51439
-57681
-76535
-9174
-92873
65141
16588
47574
-86978
56092
13466
84298
-24881
24628
97437
-27424
76504
-6402
-59052
90614
37542
-9212
89912
-74162
-47017
79930
-5814
27820
30482
83680
49057
-57071
64690
-76499
19747
-40290
5094
98667
-64810
-40526
78233
-15661
98968
39584
-1331
-42933
46469
-42989
-34080
-97864
-14761
-38152
-6784
-1912
-67264
47224
-93134
5502
-49049
20975
-2267
92515
-97079
-28630
16783
19910
-98723
65696
-82112
-68573
62853
-31826
-190
-56135
40908
58749
81228
17894
-25687
-83262
50321
61384
3753
-52609
-20323
-988
98804
-70415
70061
-79750
-69781
48036
-84290
-3383
-11443
-68838
26344
60671
82899
48141
90696
-4947
15486
29830
-76577
-62940
5686
36843
-87178
55264
79573
9569
81283
90127
-3173
-14365
52363
76593
1996
-68908
-83544
16287
71523
84212
-68562
22550
39348
-64340
-46306
59752
-77806
-80715
-16527
42187
51105
55854
-93276
30076
-58400
69130
61078
84201
62941
24107
-48721
92725
56729
80143
-92459
-52095
46551
6876
-52907
-64612
-67448
48294
-3678
19773
-57875
40131
-83203
698
-89873
-50688
-45337
30181
58789
-637
-35227
-45023
84888
-70332
33814
-20835
-11686
50152
-24278
30012
22586
-91568
-9302
-92590
35549
-71110
-26403
20804
88128
42949
-55261
-53042
-37916
86026
87935
23342
72411
-11481
33064
-39735
41061
-26484
-82888
-89584
24077
35193
34334
-94170
-19903
17160
66696
66872
-26573
-44836
4275
-94113
49451
33406
7791
89054
-17709
39184
-66751
42892
-56939
7987
74077
-94008
-38131
-3162
53557
84565
21805
33166
607
28162
13108
-79218
-60270
76788
-75500
-8750
-89711
-11873
-29218
-94118
-75213
13463
45140
6155
-9685
81624
-8168
30001
77433
-20251
77185
29591
58807
28751
76217
-95330
24303
-99536
-94713
67805
-77215
62114
38487
14932
23891
39754
38679
68001
-33475
9042
61978
71873
-96151
78936
4111
51121
11091
-45012
59075
21128
16974
-68229
55383
-45109
-2306
63133
-11318
87354
-9475
82724
63217
-54243
21230
-68689
51664
62194
-56541
66181
12276
5174
-62835
67745
-13310
1527
22259
-25803
82101
-86050
38483
34141
64436
-29134
17876
-91401
-32301
87080
92223
86944
-9532
-9199
-9087
81090
2912
-24658
7295
-31943
91138
-80699
48447
-92468
59723
70251
-90535
-75468
-51699
54703
-29300
78622
-16621
-58196
27664
-77804
35976
78919
91190
55539
-28124
-25329
-14991
-74931
-10461
-30535
51718
-17443
-29050
79579
-55306
52309
65820
-33351
57056
-44837
52090
69440
61770
8308
83296
13137
-12909
70900
23411
95445
27453
1165
-21990
-24940
-85609
-64749
67531
-94159
-31765
-46109
50980
-91844
85215
59635
7767
-92052
-36725
-22278
8644
96986
35623
-10479
33170
-80858
19082
-54375
27168
-38539
-39135
83091
89028
-99283
-56161
-54417
-29538
-16438
-69819
-93935
11086
-67887
-35172
9498
-47090
4415
27648
-96173
70328
80042
-44928
71419
86876
-55291
-76841
44901
25622
-71570
44090
91447
-89035
-73473
96070
96496
8208
14053
82588
-14124
-75820
26207
-32815
16057
-14889
-97505
-31998
16281
87305
-63637
-917
-39563
95722
52933
96281
-61685
31947
-82932
-10034
8449
-80644
-27871
67626
62562
-18207
-58343
46667
32163
-90388
17826
30699
13854
-26628
20558
-83660
78271
43721
24858
-25350
-17205
-79317
76829
-49717
-73455
48743
88824
-76124
-9094
74488
-84157
52433
-49555
-46554
92497
-55471
61797
15984
-28389
-42659
-16063
-39001
55599
18306
3105
63810
88310
74726
25404
-82673
-61197
7590
54982
-54510
70823
-5168
68739
91751
-37630
59359
-25935
-65890
-7084
42211
-37110
9990
83901
49416
-28933
-66642
-5478
29067
37145
-45615
-39950
-73420
85133
-7247
31843
-17699
67707
-83447
58447
-98332
-7246
-23334
-51133
53876
50788
-21313
-48830
81636
-86171
23406
-17867
-11177
24052
89185
-44581
-40243
47479
20281
-95162
57916
-63513
-69051
-81597
-64975
-23197
43848
39537
-39057
-88313
-52942
-32404
61372
-84454
-89942
-52043
-86526
-26052
70360
92022
2623
-11133
8927
58539
28665
36134
26502
-59255
-26507
73692
93044
-84625
4336
72379
45117
86205
50360
82706
-27626
78393
-42297
93304
19374
-78516
-93814
15366
-18784
-55393
-42209
-96388
-74745
-68023
-18628
-50728
40014
64661
65386
-84951
82897
13628
35086
14083
-1216
-59746
50322
99765
-53142
27133
21867
-83345
-85674
17278
-89082
-17711
98621
-64809
2625
-52855
66471
72204
64464
46269
39009
73173
-45768
-4163
29486
70007
-47062
-11733
98922
75500
56054
-19254
79477
46023
41374
62183
25789
-76043
68523
55320
41168
79583
13133
-7479
-1552
32440
50631
-25406
-93369
-95112
5745
-25286
-85357
-41123
-80991
70193
72264
-25652
-96108
-35296
-72735
-85505
59575
-76913
-67431
-49409
33887
33635
58265
-15108
-4576
62570
-70933
53763
-7654
41627
52188
-10297
28543
44023
65690
-65287
-74422
-46063
-91998
24383
54723
-24559
-30231
-75828
-55111
34191
21482
40741
-20455
-23585
-39280
84022
-96552
-35253
37219
-40122
97876
52794
-5341
79079
-2726
84977
-61061
-72864
-23166
63649
4764
92190
61025
6404
4317
4704
72302
37414
69332
69483
84429
67690
-3964
48602
27877
28002
16556
-1612
21707
36716
46553
-22234
77318
22630
-53588
45953
-8501
-11119
-56830
36243
78394
-99956
76199
59021
-3592
-88843
19132
31712
-10608
-30541
78108
16753
-17115
53849
-32636
30787
73414
-18864
13727
98035
48408
-51583
-56757
-21849
28528
6762
55148
6337
-3834
-98731
18320
-325
63056
38641
80783
-94161
97093
-67961
-9336
-59285
34136
7419
91955
-47104
-92044
96523
-41491
-66401
49307
70784
-52190
-40920
16296
85425
-21198
-69322
83114
64786
-67119
-13068
80002
-50156
-15979
-86600
17449
54055
6598
-85230
46971
-51256
-32142
-4299
-60572
40857
44137
9347
-85672
55422
-43326
-37769
-99336
54885
-51110
77156
-83723
58348
79878
80864
74728
53729
-15315
-9966
-9891
-42685
-82604
8305
62157
59764
-42127
-56357
-20912
50182
42771
34216
53985
62491
-49795
84463
51022
72974
34642
31914
-62463
87172
70409
-66914
79059
59532
38899
-78687
41954
12924
91351
91339
-63353
-56483
37570
58642
55723
-45885
-37480
-86277
-85277
59620
41253
-43914
-93307
7730
-30033
-54592
68661
-91868
-9388
16969
-1017
-41404
34270
82096
16423
29246
-14924
-9194
36802
-31098
-59114
-17780
36846
67613
-58251
75166
57829
29225
67419
55918
-44888
-19539
-31423
11166
75849
-27428
10019
-22685
96329
-30719
72319
-71862
31713
-29145
-3773
-73319
9050
53575
-92590
-50370
87603
-64254
-33525
75439
-45797
71650
-61048
-95922
95107
24283
93311
-3001
53985
88741
-11554
92807
-22521
2106
-4859
26181
60425
82951
-6096
37564
-52614
-21205
-65015
-22369
-29087
20419
-4519
740
-23184
-64585
25948
98351
-99603
52942
35602
-68554
-16104
-33194
-74307
7837
-31713
23472
58199
93268
-9254
64515
55236
7220
90775
5981
-20025
-14983
92482
80862
95938
96005
-20330
82975
-73344
-71519
-47827
84666
-73136
-82892
48878
69167
16468
23875
79475
-14896
-14891
-79143
7956
65545
-81030
-18457
36773
36358
-14321
86725
-6740
-94830
94957
70850
-41135
-27413
64858
72058
38275
-45285
-53858
-11010
8514
-75792
-89921
-93954
21715
-90325
-75846
-29789
91459
55213
40076
36535
-86427
50945
12089
-89568
72786
19923
94451
86151
-99930
-71863
14806
74568
15536
50947
63029
-38287
56850
-42645
65957
-73718
-40800
-60824
-84865
76737
92470
70907
-9315
-70657
-3210
61239
1745
-18718
-38090
45293
38632
-54386
-45380
-41967
-46745
-62545
23848
78302
-70806
-29566
-47002
66014
95212
-41146
56370
98374
74361
-67072
-79728
19136
-34835
38694
-5669
-12788
-12508
82210
33199
41291
-19117
-35865
83449
57188
-15136
-23717
-82119
70022
23461
-59826
-85356
-68926
-10136
29597
-4356
-4692
95955
14442
-30953
-15924
64313
-12499
-29750
47074
99560
86005
97406
59877
66122
-82005
40659
17344
-98250
66869
-20161
-50811
43191
-77029
-86765
-80115
-66558
68203
49240
99298
55959
20298
-36533
91672
-97144
87666
-83584
45835
66992
-97686
-57485
-88049
-67004
-64585
-36579
53297
51732
78806
-50600
96433
34551
12121
-44489
-84031
52968
-71508
-20550
-26978
-47937
7663
-56365
53104
-1971
-51272
30833
64185
95052
-42551
-97561
88335
66574
-60554
22403
-79039
-6370
15311
76306
-52977
62148
47542
28308
75851
-96555
-86276
-91163
-9777
-37892
98656
70696
93374
-94773
96366
-35726
66907
-73377
-41358
52126
54705
95141
-42744
78030
-56262
-79939
96974
15240
10197
70957
48041
-13985
-75788
-40045
23698
-61438
21483
-93325
-48514
-17836
-1373
-4488
-62660
-69909
-99452
-15237
41036
5862
-29704
27037
26204
-89839
20600
-60558
44635
-63267
50346
92549
42365
29526
39913
4418
-82498
-1895
-86606
-49412
82517
30201
58914
41421
61196
-16363
24544
24036
41336
-41498
-28852
-30236
99645
-60947
-95021
-6217
55990
96861
65237
-89921
-98307
-73099
13677
8837
33487
-29832
-58336
58642
83209
87155
26940
54113
-61211
-40980
-59265
-82532
-5434
19506
-74304
-52304
33789
2172
57791
75666
60442
-64854
-35164
-13317
37674
-64003
-99994
-91958
-58694
-38535
-87889
-73170
-47704
-27152
-591
27040
-81826
99091
15790
29242
63000
20515
68322
-79703
89641
80073
61994
-33554
-19063
-45570
75086
-2819
27687
15638
-53953
-8223
34242
4130
76641
-65254
60313
23471
-73243
24188
-69027
66159
1734
72370
85571
46030
-13172
57629
68774
-72136
61815
-15041
10447
-3330
29396
-49975
-20822
-15362
52335
85906
65739
-42884
69718
-95460
-6230
-46707
33033
-99562
924
38017
2518
-96901
9256
-31110
72215
88567
6608
8071
-80859
8614
55555
-58121
68077
22301
30574
-5955
74519
64295
-46455
81464
72775
-9071
-74064
69030
-60883
17407
84700
-31020
69544
92427
-98179
96569
-27969
-79449
49730
28793
-10359
-37176
-17181
-70849
-56411
87908
-83817
-55330
-50778
-63521
88841
-79190
-184
-67404
14739
83943
94187
-54152
-54780
-87053
-94526
2245
-56898
-70758
74328
49936
-24941
40845
-77283
85132
12247
26084
-4636
-26973
-49985
-48266
62927
12701
-24360
64007
-53909
-23489
-36944
47751
-79260
12522
-88333
27709
-83864
-92669
-65555
83665
-14972
-52636
77566
32140
-75651
-41011
95397
501
55908
70402
10664
29201
-19113
-42211
-79776
60407
-35244
-17234
47112
68411
-68909
-1039
-21710
-71977
91306
-28170
65991
-76930
-6508
-69912
-12922
63741
-63439
29992
15833
94781
-18087
-74923
44567
95238
76543
41265
7144
-65381
57313
-29845
-60297
-40652
41100
-88656
31087
-92916
-58509
41839
-13344
-51874
45470
-62506
62154
41054
83412
85813
-64834
-22330
57450
-72799
84894
-58766
-71766
-37404
81129
-9958
-73630
6157
-89485
-60263
2002
-89575
82561
-14575
55436
55655
18677
-17524
-37210
78561
-58599
-64141
76001
24830
-33347
-59569
-59227
-40739
-27223
77595
-14615
-67777
56168
5495
16537
-86419
-49424
-66016
-20186
-53420
87865
52547
-74999
58604
45600
-3626
87457
92819
-15348
75342
-26011
-39357
79769
-21389
-57850
-67336
-27700
67360
82074
90331
93576
7154
-35629
-38620
76065
16046
62239
55697
54785
-47304
-10984
54963
-11302
2434
50894
-41678
-49088
19580
-90251
-38501
2827
41263
95501
-14142
44228
4514
-89595
-45603
-12219
-31218
-50968
-21934
-83028
77256
82489
-54376
40214
-81894
-93321
20040
33960
-49183
59094
-37331
-57400
82901
-35028
-51406
6584
59290
-7367
-61088
1951
62530
-74275
33595
7345
-38700
-17129
-37851
-66666
-36877
-30408
-92925
-45051
37190
-69810
-47208
-5452
49525
79880
66412
-27150
-33206
-25211
-88577
85843
98678
37633
48304
-60939
-86269
-52127
-60660
-46858
89747
84874
74425
-66310
69448
-30672
13297
-27290
-98870
-66176
60330
-40490
-2582
-1280
-70408
9557
-6528
18987
-47958
27678
-63940
42796
39116
60923
57560
91036
24084
-3899
-14663
8918
-42395
-86935
-55990
-91091
-89583
75716
92684
38681
4101
13901
-61438
-98658
70061
-86855
-5872
-28101
9579
-6683
55925
82619
29840
50774
89313
-33511
-86794
-46218
-15852
99699
96410
630
78075
-76677
60060
-60148
79528
-44185
-11929
7814
54041
6364
92482
57783
19623
8868
1800
-51816
68857
90814
41777
28804
-72632
-49363
92625
9872
-59740
-54538
-73652
63909
65469
-37885
4334
-11047
20729
-15131
20128
87508
40826
23838
48479
63715
-33840
40649
19860
27945
-52963
13150
93789
10156
-12316
72016
-4878
-9841
-46259
60324
47477
52307
-73094
34809
-47620
72763
-2443
-27348
30308
2758
-27547
16215
-46516
61081
58744
19110
-45243
21044
38201
-89764
87567
-77082
-61113
-46430
80372
78680
-97260
-37272
-40088
-13640
5717
-26858
85800
-69876
25575
92661
94764
89309
-79187
35920
84291
-4089
38279
-55376
34997
17040
-98250
-41701
-86371
-18844
95112
-69700
77180
-27982
36135
-91009
47783
87031
42409
8245
33703
836
95571
-25307
-67200
-55725
-94557
5660
11937
-2251
-96679
13091
-18775
-39513
43834
14156
-90898
12620
99634
-46990
59354
-70246
-37206
-21073
29364
38499
-55264
15243
-87816
64446
-68798
29438
-28069
-59568
-6904
-31847
33015
-76433
98915
-408
76324
-12267
-31169
-58515
91523
-46334
91703
-53343
54527
-79132
-9881
31134
70070
34575
-33280
-17048
53984
-83920
92075
71521
30661
-94643
-49923
-95215
34717
60748
-44190
20207
32838
97492
-19083
-66611
-97998
-57393
5065
-70096
60500
76981
22046
87171
12619
-40667
-15979
57105
56774
99169
94888
-38553
4450
91962
48870
-40957
30479
-60405
41094
88855
60966
50426
-14949
-94486
33396
18507
-59264
49158
52737
57039
-39577
-15923
30224
75724
46597
-28241
79601
-81533
-93128
-27032
-94841
-4495
-78315
-55874
42256
37102
-41593
74478
93612
64686
-11343
-49135
1751
-91617
-87541
-31823
171
98201
52204
87993
-47972
86543
664
72422
-11146
-70468
4272
3116
48253
-24301
84565
-17705
-73833
-49057
-5651
61485
-55057
-98344
-53593
-29273
-54826
-21162
60086
88974
4665
-99785
38866
-71632
84464
-1710
-60041
84326
-7025
-58310
-13664
52545
30276
-51656
90248
44456
34293
-85965
-60607
-27477
17142
72242
68949
-6226
88560
-68388
26336
49666
-79444
-42869
43651
-37896
-62057
13753
38007
-79076
-56390
-33513
86794
-38773
4498
-14279
75438
-28457
13068
9054
-33924
36818
-84649
-55093
8231
32285
-34792
57555
-49236
-35501
23942
-35173
38103
-3967
-17445
74605
74864
34128
13351
54621
-8953
-65641
8967
-77156
86415
53146
10817
-99101
20208
1934
-21646
81310
-60408
-77741
31545
-29046
59062
49328
86566
51723
-65013
24641
42545
-95216
44760
-38478
87347
79685
70745
67310
5045
-88277
-44659
-62177
41404
69570
-98340
36369
-37570
-31381
45578
67837
8748
25394
-28319
52331
4175
81057
58564
-66345
-3915
-12779
-96981
-39968
-43144
-71508
-93792
-79317
8255
-99608
-7596
-54770
89546
78163
-2151
-78517
-28001
84971
-2124
-37978
68864
1861
46924
45216
-24478
-18457
62978
31415
-99286
44047
43772
23053
-378
51758
-33696
-57514
56743
67232
-81797
-19566
-96297
85852
17665
-98872
57468
66563
81419
-49326
37478
85417
-85991
-2772
18080
553
94538
9429
-2062
-50801
56658
53066
-12507
81849
-14244
-72102
83224
23922
-51021
-89430
12690
-83900
-10974
-10241
-87049
-28623
68847
-52553
-6871
-26342
40165
70303
-791
98313
14214
-33798
91731
-58911
-24617
-53891
-30418
75609
-41991
-99690
59307
-23848
-23760
-26283
-42627
-3215
-59701
-31310
-27910
47773
-15895
-80660
-52084
95850
-67780
-69138
-1063
49790
19242
-11061
29954
76505
52581
49155
82162
99758
-535
-19443
-67364
6708
7534
-72075
-25398
54172
61026
67445
-10353
84115
86844
77460
-77735
-68152
81290
-27594
-95651
61740
-388
-64207
11707
-634
52694
-32067
-45234
61649
-41575
25356
-43467
86608
-43365
82800
-63957
89428
-13104
31752
41557
64237
-75246
59912
-49242
-45318
-394
75816
71612
86456
-83115
-87279
-65563
-38528
-50750
77949
-85034
-25993
-83392
12798
-11540
19489
91807
56578
-9399
-50481
32770
29962
-89055
49657
10267
81594
61921
-74825
58155
29174
74162
19554
-78829
-48476
55030
-95768
-66151
715
95553
-95880
-59496
-29887
60618
47743
98911
-22389
57865
62330
-14963
51084
37901
-40868
-55314
-54515
60853
30811
48536
55384
-90033
30385
-82884
41810
48923
-4020
93100
-66563
15469
92907
-67055
65281
-59283
76838
-14885
28041
84996
-13713
-35560
32799
-72304
-40125
-6253
-59747
-89301
-3696
-37153
90805
-48747
21592
-94710
45430
43348
28292
73744
-63759
97662
17061
-24895
-85121
-25082
-20471
-13135
15840
-34665
-3243
42325
-22324
40605
31493
-74174
92586
73180
68663
44226
-33405
-89019
-17114
35908
55483
49270
8203
32975
29971
-995
50204
-1671
-24856
57809
36329
-31917
-45141
72581
16790
88659
99774
-66850
1379
72686
14819
19277
-88355
88780
7418
-2373
-21584
82425
-20087
-74751
21821
-71355
-83243
33297
77413
82696
35214
-23387
12846
91463
17696
37841
-12119
55096
67355
-20509
-13778
55261
74635
72401
31491
23312
31047
46496
-84505
44265
65844
87488
-84914
79107
-26948
11548
-80582
-94137
88525
-81173
79499
-48508
67022
33736
25585
21967
83065
70843
-61896
-52401
-38533
-10719
23995
85026
-40670
24580
17974
-2782
70205
97885
-72597
78779
-91122
30003
-93593
-86141
-11206
-75889
81347
53866
53534
-9748
5167
72002
-24025
44242
1128
80069
-62758
57344
-82005
78259
-774
18249
-85600
42577
-37823
-28194
62254
50797
-52952
87222
41721
76979
26362
46308
19148
-79376
-48343
-51382
53404
-31176
46290
80510
15728
87648
-74867
-97562
10438
-35371
-82728
-13172
-81001
83726
-21921
-14749
-55509
-76773
49441
-39520
-41877
28351
15344
-10281
-76845
-92303
-12073
38291
64788
19539
-33638
28379
-35998
-37784
-17835
-72745
-63111
47844
-95847
-84847
74285
85950
7881
-76837
79314
-89422
-6858
61575
-38355
71917
98218
15151
49328
-33387
-21572
-28554
74170
-62134
42101
38753
41243
-16839
-20958
-54315
-65730
61819
31952
-12306
63290
88665
601
14094
42522
248
-21000
-87719
63412
-26389
-1172
-6040
-83150
24311
17201
99109
1848
8113
-53939
19428
-51799
-35918
1585
48380
86005
71119
94918
39764
96717
-27075
86489
-93097
-55858
42820
42921
45632
-16853
92551
45543
61156
57751
-73695
-92565
98655
-65211
-3253
811
54312
-89459
66432
57344
-49139
54878
-16921
-92055
76739
30909
-55332
-55521
-5444
-49543
9064
14188
-4481
14111
25182
21241
13462
72466
-23076
5645
75801
2063
74268
19571
-53179
73529
-92073
-705
18530
-95639
45349
2272
68120
-80383
-2686
-10224
-92901
47769
-40984
-51554
86256
98734
-91859
-11537
52920
63323
2144
-64693
19725
60008
-26410
62010
-63682
-23160
-9931
47373
64602
-9003
43183
74485
-43948
53798
80459
-76045
3776
36184
5142
-80598
68401
8684
14635
-13320
-36151
-38837
-44117
-22442
26884
67172
-42923
-78123
-50429
-52614
-28316
-22299
-93222
-43389
-19064
78308
-71139
50326
-14824
-15713
51042
51151
66870
-42143
-5793
-24322
58671
83648
66570
66432
-32958
66070
80802
92088
-7308
-5896
94833
18649
-8450
-94426
40021
-85077
-53722
-91907
-1412
95786
43514
26090
93717
-32028
9519
17756
6909
88077
-67134
65078
-82872
-50973
-89058
10177
35319
24440
-86697
70742
66817
-18791
24590
-55250
5634
70379
-19090
49608
-19297
22041
54070
2703
46467
-70533
-46050
1966
92460
78925
-59143
-88168
53375
-69814
94003
61318
-85592
67888
93933
69262
8212
66759
-80471
31042
-18067
83334
-52108
-37133
-61894
-45859
-37110
3547
-30047
94451
92378
13944
71873
66510
-5875
21011
-11817
-48158
-35001
-51548
14109
-12613
-56565
37784
25146
3202
48503
9800
3337
57582
-58227
59853
17056
23081
42491
-5182
-13999
30270
-41252
13252
75814
-89788
-34892
-49047
-71268
87656
-9241
65802
92091
-90214
-77984
-73108
72685
56514
96425
-44441
-67785
-76892
79865
79227
-20506
-23333
-56623
6008
-62888
-23309
87026
21391
-80655
49950
-76041
9487
-95581
-96081
-84034
-32817
-23841
1645
5135
23638
-83868
-88401
70916
-64755
-31731
-79171
93409
8116
-53805
-96220
-15247
-41001
94658
-89352
49932
-61960
-68192
89867
-58114
14736
-58449
-30807
86561
72203
16623
-40053
99601
62442
-56621
-71971
70480
-86087
88081
10107
-30751
28129
22830
67230
21894
-44954
44663
-98611
60700
85884
-85719
16672
13012
-17093
76362
60744
-50119
80251
-58304
-29670
-50236
-53081
-37963
80448
58960
-72364
65633
7697
-91773
29697
12112
43687
99557
-40430
-10753
-88842
-67013
-97439
-22408
72744
60121
-62532
-5146
-84421
34246
-1845
41612
49151
13395
6997
34130
2295
16744
-97478
64586
5687
-58140
-49728
-25803
43737
28866
91089
-25914
44814
-4732
60937
38350
-40128
13903
95608
-9321
-55518
70297
80279
19618
66824
-12411
5351
-82978
20304
99967
-10308
-29986
69114
32215
51733
-59682
98664
-53444
50073
-18973
39945
-59595
33545
58510
-59488
39629
-62682
-81618
67395
7762
41518
98015
-84430
-50158
7014
2125
41273
28717
-78866
-52850
-61552
-5553
-66657
-97358
-18809
2436
-41007
-24933
-60883
-39596
-82549
-96271
-89947
62396
-42541
-13345
57382
-13121
-78001
17342
-68879
46417
-6690
-13760
27317
52110
42325
-19356
-89259
-12543
6535
1893
12692
72394
-87185
-96803
59346
34912
-74440
66841
-8825
80807
22165
-82382
-70866
-22984
-55276
60421
-55244
47150
45980
79882
-48148
99458
90883
-83771
-62272
-70334
-64940
-22837
77475
-52270
40072
53005
-6294
3004
76941
63667
-78512
99315
94189
56258
-11471
90584
30776
-49124
12137
-5522
88006
93865
69098
-96078
-32225
38380
-46198
-82602
39521
-98486
69714
-9886
63143
-32039
88167
-16264
-83838
-39599
-66100
-18111
-68583
47250
-38233
766
-48280
98311
56825
35754
-1762
51969
-26072
60141
42051
-49102
88648
52530
1039
-63682
86047
-5486
31436
4290
49108
-1153
-74430
-91458
-31849
-84059
-32759
-49551
-86996
66727
58514
-19369
54144
-93118
-25857
-19737
24516
-30611
64922
-20182
-93818
-37552
47092
-2113
-88955
-46607
-80898
95989
-27286
37054
-53509
42010
-48155
-98351
520
-58662
-38936
95946
31825
-95829
-29891
38732
22219
-99592
91253
-99202
-72077
85371
-7173
-15884
-82221
-84590
-54917
95281
35686
43832
-94135
-61450
-49138
-88103
29991
50
-46450
-61702
-23701
-48588
-39057
17812
-16513
-96373
87841
-12008
43168
96495
-81052
14942
28740
46310
-51730
-15208
89203
-27249
-91365
58616
14120
-32063
17331
36152
40965
-83204
-46715
88404
-77021
-79479
31098
16222
-34980
18153
90475
82766
-56347
-49549
-27998
33112
-55336
20715
17316
-27663
64903
21040
99287
21604
-47767
-91718
-52725
81461
86408
-72086
18061
-30733
-54990
28997
-77080
58136
-26049
47149
-57000
24397
-55879
96126
39828
27529
-74014
-51389
-14218
46660
24202
10127
5575
-5487
90493
-25298
-71507
38579
62107
-57275
99393
31393
-95401
-60031
9793
-63553
-67471
-84232
81921
-67148
-31198
-32302
54454
-64974
-28837
73217
-44102
16643
-59364
81519
13215
-43618
-81231
18739
-89769
-44058
87113
-65704
11999
46340
59053
-23354
29805
-9535
-88184
65112
-83650
-29404
-3805
81934
1678
74252
69645
-15625
-49176
-28400
-46841
-40682
-15221
-38201
-66213
39911
84826
57733
-3300
-10342
75226
-70601
22819
2679
-25541
5745
-68840
56406
-73340
-65126
19410
-10373
-67163
31560
56752
77600
13075
-76172
96651
-19559
10583
-75566
-43901
-84231
-50554
31009
-28449
96119
86364
-14601
-96075
-93696
72612
14450
-36345
-16173
99848
98118
-69114
87110
-36645
79466
77405
-98140
-56852
-55442
-20061
83690
38991
-5084
8726
-10435
31240
-46614
76602
65336
-30683
-23096
-15582
-64100
30600
62336
17512
-71633
65990
-75611
65871
69195
53815
-26564
-89838
27613
78391
25879
-20236
46222
76887
21527
-8871
99743
-3948
37586
-94943
-95653
-51585
95181
-64595
-80627
69795
24006
77740
-71019
-90675
78992
43948
-52657
39028
-66133
-71463
-34586
18494
62511
736
-66036
37534
59081
-44930
-61221
-56635
-57441
-76095
25229
-59879
3079
3612
43090
-72824
-83722
-46097
-47627
-3438
43981
25336
-66465
-61816
14759
-66546
-31620
43536
86865
96448
-70680
-69961
63658
-4828
95386
70245
9864
-1405
-46959
44793
16985
46508
49635
-36635
-44387
65214
46949
-88604
-33048
-55386
20084
11689
7606
-37810
-20321
64118
61086
-80454
83551
-26627
-20043
83206
13021
-12725
-22154
-72927
-75737
-61314
13370
-10887
-11021
27799
99130
19232
-51700
70077
-44401
-15345
-24793
68960
-60328
78999
-21100
-9817
-15059
-23801
26825
5820
-34354
72515
63833
3733
-54164
-83825
-71776
73876
49195
92532
-95344
-36136
75422
49110
-75887
32554
-94174
-57597
99096
73030
65717
95498
-61660
54066
67425
37540
-42578
30857
36115
-68775
-22752
-32979
-78054
97266
-64192
15929
10552
51954
67772
27636
59538
58813
-82507
71627
67326
-44962
79850
-43725
19815
-89561
-24197
41928
-98109
-44273
1804
-14184
-8368
-30698
78467
60551
41716
-93572
-47853
89176
-95311
19062
-69507
-98042
24797
-17568
904
97916
76438
-15779
85740
29687
2195
20183
98332
-86336
37549
67640
19942
48304
36918
-69525
86687
-26197
33835
15951
-36992
-88913
-99043
-89040
42015
31928
36440
-55456
-21953
18005
-47196
-30944
15535
25260
-89828
12377
58789
-5014
-13019
-64758
76117
-82472
55853
423
70034
-58934
11800
-83280
-96987
45291
-17756
-20698
51103
45687
88695
43680
89305
77766
-38447
25562
52707
23930
-55857
14732
-73359
-96047
24988
-12109
-85679
79995
-41208
-4328
-50896
22044
19683
-392
90143
-32451
17479
-42566
-14102
-93706
-84086
62104
-97350
-46455
53201
94842
-93526
2991
-73580
1172
-65171
-75591
-81919
60304
99251
76074
40738
13477
-81998
66624
94602
-2829
-23429
-69722
42551
56386
44201
13354
71496
46102
-52858
55406
43706
31721
14174
-73367
66931
-93572
58765
-86127
-90046
2283
-90097
27731
-58821
78372
48351
-23035
81953
84616
62144
1312
71121
-91992
17537
-12440
22640
-48885
19598
7678
-28758
-38506
88768
26194
-7203
57606
72751
-82150
-562
8790
9135
46672
46592
56186
-51070
-1304
27997
34488
-49464
89151
-25831
90203
-91962
10423
77694
-27877
71074
-89805
-34051
29984
-17795
-53258
-65087
-7102
93766
81352
32526
-65367
86153
-21432
98474
-58997
-94181
41831
98112
42354
44060
-73961
76214
-95566
-20747
-58515
-9736
2575
-99455
16098
5215
54102
9839
-10686
-81949
98299
-8554
67041
36091
-1838
-78491
98129
-15860
70849
-96645
-78584
78508
-76723
52163
-7848
37699
-55429
77812
-84183
-17893
44899
68681
53073
-61023
15755
75428
-19224
-83451
6423
65254
93390
97476
-87619
-70755
74249
72673
-2442
-95098
19682
-83787
-70790
13421
-87807
76111
33761
89423
-50205
47845
85929
-6320
-46274
68238
31643
72863
-24173
-15792
97978
-72587
20907
-26397
53105
97843
47591
-69934
39880
57885
-60227
31796
27297
-6603
37092
-25378
3347
16747
-96620
31274
-79219
-52975
70968
-86603
-12052
-49638
-94743
35866
-18527
21820
-13889
90658
-81004
32857
66501
78287
-88423
47764
-13430
8101
-66929
-34514
-73707
98156
42224
-89000
85868
-33037
52198
-53765
-62514
91441
46643
-44945
76843
75512
48381
45035
2637
-93423
-61613
47697
99126
54437
-6928
-51824
8576
73770
46593
99865
-77863
41620
-35601
1656
38176
-23897
85938
-99722
-12221
-42676
-70325
24573
1090
91476
49300
44211
38082
-61101
-52773
14119
-86007
-94974
-37935
9635
-33737
-77916
-12064
22281
91063
33451
-7475
89964
-14894
94866
-10294
-75076
48852
-32704
-28143
-2497
-57393
12052
-51945
40015
-76583
-46068
-10489
48784
89205
-83352
89919
-93091
92045
73925
-30298
12847
71327
37954
81440
9116
3489
-9741
-63737
-37945
-52740
-44206
-4110
-27434
86427
-78852
-23782
-84875
86884
98410
-63917
-77016
-23559
-48243
-76841
-50953
36945
-60152
-22227
3188
-74045
-38086
-67417
-96668
25504
99191
84396
12821
96333
99508
-1820
14554
69391
77510
15341
-2564
78274
79665
-53722
-54795
79376
-91610
-17961
66172
-43184
-93094
-88061
35590
97850
-5919
-73836
61633
76711
64877
-52189
82576
38696
-91566
-68205
-38372
-28539
-32395
95046
-44678
41797
2860
-60035
-85185
-2508
34978
18841
76919
-76085
-915
10913
53577
98514
-51784
-26034
-82704
-43789
74761
79493
45042
15982
-43516
-13599
49136
-33921
61789
-36712
98563
4412
54641
-12229
-36352
-17177
23392
21058
-2078
-51858
-53376
37336
-66217
51854
-41897
2316
-24656
80466
-85944
-46579
-72563
-46755
42011
-38515
11690
91750
-5937
-38222
4544
79020
-38661
93151
-44059
-9511
-85779
6164
53054
33221
-33026
-48744
87844
2858
20026
-98612
-36729
-52722
-47444
-82518
-80
25569
96455
-29058
-23940
-73625
-56372
74424
-76659
-62017
-91918
55085
-39482
-61393
-30710
-88688
4798
62447
95746
-92035
-63419
-21245
-17161
46199
76301
-52042
19555
13216
-18903
-58105
-2161
-58696
16574
20004
88109
89622
2304
-73537
-42525
-30194
-33133
-38506
78818
-18557
-82357
34371
-11808
-17775
47766
78623
69207
73499
76966
99488
16369
-10637
-46154
58313
-76819
61805
46884
78004
3794
51311
36339
12262
73969
-10739
54774
-91679
-31261
-80352
40020
26022
-82283
-14672
-96387
12799
-92962
24902
5838
75483
-84439
-63353
96147
23133
90825
8722
79280
-47753
-69612
26414
16664
-47267
-34463
54702
58901
-15291
36502
91782
-48678
1527
-56823
-12565
-92645
-69937
3599
97238
-78176
20945
88210
64434
-7481
64520
36738
-20270
91550
-28949
-83541
93486
-74754
59132
-19907
85374
-48023
-53465
-69581
51549
-80797
-68621
-96180
-23242
-59294
1308
73520
79758
-39466
-53689
-5698
-56632
-34140
98568
58828
-54535
-73382
-24811
20954
34627
-75694
-85184
-72660
75840
62684
-17311
26176
98542
-63664
-22949
-57714
-25793
85659
-2540
-30780
38437
63835
87445
-51403
15178
-24770
26954
-93534
72016
21379
-21502
83527
36739
-38435
-93446
87020
68197
-55144
32950
26568
-7506
-86594
1702
86750
98836
82690
-11055
-71086
-72351
-63711
90572
-91187
17379
-25116
-76167
-14126
-26155
89339
46890
-49737
36303
-63964
-35088
35929
-26481
-63769
-2897
-49353
39761
-69845
-93983
-10527
-49742
-59560
5654
-25974
31389
-85476
78940
-64490
49777
43820
44196
7760
-54389
-16219
-31598
-59483
72160
71055
12317
45259
88571
-59893
-63583
2083
3432
53452
-60623
17964
-55737
-14433
47596
-49507
-61847
34627
-78004
-53211
-9434
-92770
14411
44081
32004
7327
-36965
85735
62388
80684
55579
-7266
-71393
-16227
81501
62119
-90236
7820
71086
-75660
52893
-99910
-81798
43293
9548
2947
-76710
52295
-1489
-20876
-29795
89267
-24692
-51524
-49923
63645
-260
4239
92892
53322
16153
-93883
-72029
33266
-79012
-51484
9008
-59644
34225
65628
64212
-59704
-82274
-97079
51428
84611
-98154
-31477
73431
-15392
-54167
62080
-47124
-66881
73158
-58296
-74701
-23941
-63259
60554
14414
-18963
-30042
-77776
-24699
76559
18469
8474
92121
-69290
-32879
1672
55888
-85257
-5500
-85071
-3516
-2960
-72571
-23297
47365
-2423
-45960
15571
90594
-53068
3740
91673
32730
82597
-34895
-91834
99276
54100
63256
-74661
41862
35846
59111
-62119
77854
11247
41984
88471
-16428
-5803
-48542
-57185
-49997
-18506
-12982
66320
-93694
7041
-91152
-58734
-11253
-46586
82706
58532
-31474
-66280
15649
75354
25636
83441
76936
-28837
-87374
91435
-14592
6770
34941
-72333
36035
-63458
-27914
-34932
43548
-88987
18045
74725
95780
92047
-55245
44974
-40040
-15484
35136
13356
-42513
9494
53211
-51202
-2634
-51133
70519
12462
22939
-41757
-53722
-42057
-76512
89610
-48718
43776
82947
-21404
-19140
64851
-555
55112
-65040
-70509
73687
-23766
19667
-94812
33868
77796
-45172
99675
-36622
50687
60739
-80780
-7649
-20472
42793
52784
61641
-61421
52298
-50109
-93694
-36310
87561
-44613
-80826
46427
-76745
52098
29299
96858
2155
-85550
-37067
-69412
-83059
77222
-39672
81038
82008
80491
48276
25159
60333
-96790
23840
-75131
-72527
7679
86261
19768
-2017
95428
-99823
71500
-69718
32534
50458
64112
-65110
-6436
77174
-72218
96975
24562
52072
-98166
-70635
57733
50400
86124
68526
49968
71660
-58214
27180
49851
-1107
39148
-31619
31410
-83984
35068
-81203
-56493
6061
34302
3874
99842
-92937
-59389
-56475
-97567
46971
42839
60293
-98320
92855
9855
38715
97643
40322
-11795
38580
-46511
-31200
-31306
60570
-90905
38956
94703
13091
89836
2148
48477
95837
-56957
-499
97126
48981
-74773
-30170
-76086
-91306
-631
93763
84372
-30360
-20891
-59018
93690
-17350
-21375
-91631
28816
-84590
-89222
-56683
-1279
9779
-82078
-12346
54940
-48700
-40138
21481
15575
-21048
-50714
-18529
36768
-61984
-29098
81467
25752
60785
12768
-29445
-88590
-10692
59603
9104
16693
68063
-37821
41763
11618
27252
79355
-42770
87986
79916
50426
23087
80418
82771
-76162
20092
-55203
-43707
-77249
76426
27628
75047
46739
95676
74721
-78599
-19604
56775
-14315
-23823
-53459
-11759
-50647
-75493
-39027
-37922
18288
50096
44887
-74460
-50548
-85205
43899
-86803
79897
43116
-65981
5650
-76281
4584
-79776
28713
82072
33134
76308
62066
-27747
-68413
-37064
77064
-65610
42174
-32463
16261
60819
-10672
-41504
96676
73162
83005
-66295
-86616
63579
-27680
-40281
-43109
-96987
61140
-70791
-81811
-67166
-33274
43246
-39950
-4599
96234
16489
71011
-44691
-1012
-1415
75899
3251
42013
-69253
-28162
64332
67531
-13255
41482
-87816
73650
-76522
-56787
86879
82835
97286
-58943
-43850
63472
-76146
39939
-91311
-2954
-84728
-57191
54373
-96244
-30464
-92736
64197
87440
86396
-71120
-97955
-87744
-28307
-10305
41686
8609
63142
34416
-21694
37920
-48909
-80318
25693
9697
63563
-42142
-28537
-42789
55101
-96708
46610
-84453
-64933
-43459
27525
-12588
-18557
91565
-40356
-69137
-98023
94117
12777
-45129
83108
-23819
-82743
-89996
-79521
-59406
-55374
-30666
68491
88881
52687
-32523
-21165
-90875
-64181
-92154
48782
-45326
23447
-76471
-87926
2529
-55183
34918
-34358
76324
-98598
-42406
-19918
92497
37772
-98793
19687
68489
6206
-4622
-12211
-92957
-82800
-11822
31201
-49845
-29645
-54718
49186
97050
28890
-66653
21282
-19776
45896
-66128
1698
73588
-13335
89882
75134
10421
12576
-70236
42193
40736
57715
-31683
-9344
14925
-73693
-94810
1172
55958
57305
-39511
-34780
-16047
-95680
-41890
77925
77823
21978
70642
-65093
74
16906
-73597
-7777
-57650
-96012
90677
-3209
-4715
73074
79498
19655
-78683
88190
82168
-84828
26084
-7202
-34496
-21476
-13623
-30715
-28847
38446
72570
89823
-1961
84381
68880
58306
-79821
-65543
30055
-56626
-23620
-21735
70686
69498
55827
31800
-7306
-96504
-66322
-27237
62925
28071
1136
-65839
-24187
27116
50381
22348
51193
-26091
11160
-76418
55532
3171
33068
-20223
-2829
-48489
91917
-18924
-71128
42648
22154
12014
47142
29546
67835
-56227
15340
-30284
-71106
49140
-96286
53058
-67362
58950
-26942
-55100
41727
93054
-18978
28147
-22745
-78096
-55476
21514
92414
14476
34276
-373
52238
35448
-33378
64011
-63383
-60280
-73466
-82556
-58422
-86360
29997
58473
47053
16901
17705
46431
67411
-62473
26742
70331
-30709
65929
-71938
-36927
-56766
-60873
92198
-23849
-86691
-38618
59061
-76777
43430
-17649
12926
61320
-86431
-51678
92857
66961
58614
31977
-42757
54350
73121
-38335
14113
-48553
51372
-97957
-38365
74097
31749
73496
-30202
92848
-87983
-19085
-90772
21989
-87645
-1673
-94338
33573
-47468
35625
-86091
-15716
91394
-10131
18872
-27186
26462
93791
73207
84872
75155
39528
-80465
31809
-54441
33114
44086
13983
88324
-64224
-53612
-44792
-13241
-48978
43536
73290
-73209
22285
-81376
-55896
-76503
27301
-1783
24280
-75786
-53306
30610
-79711
9724
-97784
-52283
-28435
-57405
-22609
-8888
-76186
-4596
-35904
-92628
-2350
96068
-94807
-31103
-62904
-62323
90659
260
-40058
56544
-39155
34863
-8602
22847
-46756
83133
-98596
40047
-5819
-20233
83844
17992
-93427
-52223
-93486
89773
71010
-86150
50438
2550
45331
61864
85284
30316
7629
-11821
-47534
11468
28919
-1847
-43628
1554
-72976
-71117
46048
2143
15162
98426
-3254
52185
65282
5365
-7389
63670
-23994
-18245
81716
-62795
15064
79335
-19951
-57053
-89279
47675
-24372
28823
-87937
98877
-14848
-87086
51906
16420
-16851
-55084
70884
-29982
2970
22039
63797
7441
92438
-63904
78121
-60410
21844
82457
16253
60575
14229
63522
-98806
-84363
-50456
-83805
90890
88098
-42420
41103
34202
71386
-34086
45203
29989
-33745
13177
-71502
-55348
84184
-42504
-85537
-47753
-41793
47479
31090
69739
5834
-14851
-90897
-38431
-61403
61367
-28637
-1330
60349
74882
-90502
-44657
77166
-69843
-46955
-29496
-91049
74922
82282
-83619
-7161
76653
-59447
-92741
-31434
-91136
-20274
70256
23375
-55986
52355
-66510
-24115
-91769
-65336
-25704
261
-94064
-1114
-45766
-92566
-22884
-49309
-91118
27472
10401
34717
-36857
16691
-58924
-1207
94542
47375
3337
-25427
-90140
50432
-46395
73352
8600
79216
-97948
79994
-59031
12321
-43832
5364
-89604
3567
74414
90355
-91614
-14858
34045
20748
-15749
57083
57548
76294
-96175
95290
5182
-84439
48899
16326
43595
-81299
95431
57469
33141
36999
68876
80279
72459
25706
-54474
-25627
-29144
33916
-41873
79843
59080
87923
-93798
-86568
-28571
56270
37896
72975
-30809
32754
-37179
-21246
-30762
19510
28683
17523
82485
66092
81899
35745
-3297
-7839
-33260
-4818
84440
-21414
56538
-99655
-47804
-60758
-35193
4428
80866
-59296
62336
-31258
80391
4567
29501
13712
-70819
-82853
4226
-61542
94368
-82283
15683
-89895
-25608
5129
-1903
-78190
15042
20030
77814
-18998
53285
77842
-61808
13967
60986
35066
-77953
3519
90410
35433
-93703
-46338
397
21805
-85132
64843
-7985
12289
-259
-19460
-57704
85322
33795
-74828
-86302
46708
-8645
47005
-96369
-61211
-57060
-37676
59377
-11636
-39213
-76625
-47510
11309
-3623
82751
-92900
5066
-49569
-45433
71122
-7937
-76663
71422
-52540
-74116
-87902
12450
55040
55614
-64209
-68848
87774
-50656
70321
27440
4320
37427
-90826
-89644
27741
18982
55584
68892
-76351
57174
-83703
46049
61981
58063
-85348
-53208
74259
70258
-25800
95155
-64442
52225
28181
-19180
79362
-40423
48324
21311
48728
-11767
31419
-29805
76935
-68429
26068
33772
-30418
-59064
-94821
16994
70609
13294
-69302
45022
4711
70519
34973
66954
-24272
6638
-72181
83007
20748
-89613
-12873
-3706
30957
-2765
-96716
-55938
-5241
38145
43403
64712
-88931
77297
44688
36472
-29111
94805
17539
-56368
-7166
-54512
-46060
-4817
18824
-33298
-94752
-91664
-2401
-19491
91576
6362
9126
-75110
-68031
97702
82824
60902
-97177
27314
94390
-77208
-62909
57783
-30125
-27397
-74420
26621
52916
-92120
-76552
-10378
43182
-5764
-1892
81439
11149
-44544
87379
51183
-80808
-49387
48396
78824
6461
62709
39850
-12459
-1378
72618
-12035
46250
17738
44145
-53552
-83916
-85412
-90944
51936
5980
-24013
-31378
-8751
17978
14076
-44820
-81772
60881
-33895
79013
-72489
75635
44615
1380
-52558
-84220
93229
-14620
-94183
7169
-83686
20270
25852
45950
-94933
76825
-3424
-88376
80458
-69530
-57628
-53579
-92138
73089
53278
-55878
86747
-75526
-49927
-44627
-79922
-85725
-80941
-78148
83420
4238
91093
92893
20781
-26741
87053
94011
70053
-41117
39077
89550
6936
-81839
59743
12157
99909
32820
41147
-12871
22006
-44031
61671
54832
-40806
-41812
-1470
35285
-29823
-30331
7961
-73575
69707
-84558
-48925
-445
4534
-34931
55016
-41500
6673
-57823
-61027
-77494
-11426
51646
79882
-84335
-34193
88440
30197
15417
-52730
-94995
-5244
-94055
-75920
71414
75023
-7293
-18796
66397
75153
81122
-14406
90041
51416
7036
98423
-54396
30414
-58254
13595
-29410
-86199
50624
53196
12179
42559
-90053
-28451
73799
49848
19360
38581
-11848
-62561
77015
97907
-72350
77534
72801
-84498
82117
85205
-12475
-86746
-83701
-90894
39156
-66702
-18688
-43621
34660
53171
90912
-57194
97893
-61863
-14396
-34507
-51023
-41164
-84407
-82673
-83824
-26785
-86273
-82109
-74874
62575
-82532
-49340
-23844
69143
-25059
-33878
-63277
64448
20710
23780
-34020
-13399
-7921
-40056
-36736
-15407
-45721
13134
19887
-4560
-14998
12221
-14382
25718
-26599
76707
-11365
43325
20789
16840
74138
-82122
9050
3392
11355
71983
-46043
35735
-41211
-47791
87515
1688
-15167
58498
84303
7713
-33559
-45271
-52492
13234
17403
-56961
-79751
9664
-10112
25734
11165
-78792
-9340
87711
-83255
-89850
-99337
-53449
62735
84120
-21025
33791
-99536
-84561
8772
73415
12996
87977
48796
-50552
1447
64457
6751
-14620
-74973
57930
29226
44571
-95020
96577
-99163
-78605
-47586
-51363
-85786
-38855
-81997
-92986
39143
-29798
-68809
22995
9753
15012
95159
91348
43787
37345
-55388
14636
-7528
17331
-53955
63819
62292
56315
-90036
39136
10404
10770
-23175
40789
-97769
-18100
67429
-86679
-45610
-34272
-32535
-78115
59326
-59340
-43080
27395
-59281
76928
-4582
47197
-59590
33959
45117
-99181
75916
57244
-56107
-80168
-35786
87757
99192
-42112
-27555
51760
47375
47923
21524
-59359
10117
-6775
52445
26739
-67297
-25958
-64474
-27571
-36731
14740
-99120
-1950
95840
45196
-20623
23154
90520
-23544
-81556
30953
81088
14147
93797
-51735
82043
-55286
25668
21103
-45996
20668
8526
59397
-63177
39744
-4017
86312
67364
49533
68507
25239
10998
-94764
36954
79359
-18511
93530
32049
40620
33670
62185
57181
-61826
60943
-47771
-27751
-75382
7015
27849
-61670
71505
17295
51086
-16789
77530
-10512
-8727
-22345
90528
-25123
-85217
71346
10658
59715
-79763
13690
-19270
-16267
43264
82472
-65368
-39678
-75714
-74325
9896
-27016
92910
83050
68191
54557
-25647
-63530
71093
-63005
28567
83413
56417
73579
-63159
31007
66835
15874
82091
78389
62826
-43885
-89488
77403
63998
-8498
-32547
-81696
43298
-63371
-41386
87068
-80147
83666
13755
99604
92388
-36748
50451
-12236
-63747
-80672
72987
-53007
-41749
-2459
43928
76588
80194
67623
-7178
-32451
-84420
-24957
-34053
72759
-19600
39751
4482
-1613
49134
-60547
79703
77106
-42417
-11089
11925
-35998
10864
-51060
-89835
52918
-34820
39672
42951
75344
20406
-16330
-79748
23361
5783
13539
-75209
-94055
-13393
-50024
-35751
-64960
-31445
-20207
46862
91804
-84276
-12476
27384
47032
14696
48775
40927
91067
-54099
-18519
23097
-4119
-67536
39181
-29568
22068
-30233
18151
-43632
49289
-5975
94965
-23134
-55489
91316
40875
25085
-272
-81344
-80579
3583
-68932
-31237
-67861
84354
-46403
-8492
-35388
96090
91899
-40609
92323
-46598
92820
35655
61412
-42511
-2938
-88618
50743
-75422
14464
3944
30368
21723
93533
-58380
83617
43475
47369
91032
-53518
-52270
-56458
49942
9762
-30951
89497
65505
10465
76574
15583
33031
10966
-2387
-35526
96227
80339
-80651
-90328
29083
-28712
7324
-73284
9523
-4227
-89839
-19284
66038
30474
62139
31200
69687
-13611
51442
-65574
12139
13824
-60449
-89752
8798
5228
-11291
74295
-43110
90947
41028
15554
48233
-85152
79028
48929
-66198
-37614
77751
-64355
-57595
84866
-67940
68354
-78226
69559
-80808
81638
96704
86895
-96893
-22947
91933
43337
35696
-32061
25722
-98569
-87037
-45798
-86029
-56214
-89361
-17747
46765
-83303
52284
-72645
-80918
-92690
-86416
-76167
28115
-53877
-44785
1190
-84196
80342
-79286
-57169
38061
-10859
-13131
11384
-30048
-68414
56766
84616
92656
-67924
-80257
10387
84479
-34058
39341
18147
20445
-54426
-22353
-74433
65677
36775
-84528
-77684
-52631
-86163
-96694
-61540
-98412
-31118
38644
87334
95781
-91441
93752
-80765
-33767
83419
-76650
28848
-39882
-42995
18874
98807
-54540
92277
77967
51571
-43128
-2460
-14216
-10807
-77780
44255
-86393
10618
10680
34990
497
-61592
-63664
88226
43590
-12955
7076
70447
-76744
88071
-33471
16352
2688
47385
3254
18312
61812
17156
-16152
-4429
-61972
25219
-56321
64125
27941
-14820
19843
82331
-62985
38687
-77779
-39409
15681
23038
-32739
-5284
93285
15289
-36757
-94973
-54349
90757
-14030
92205
-92480
-8996
68559
-13928
-11518
-37220
2968
-84947
91697
97922
23633
-59368
-27585
6451
1829
95238
55362
8677
-49816
23834
18237
-24012
92299
45884
82226
-91719
97431
-66319
17146
-89595
62502
-3152
-39582
38794
-20635
16060
-25724
-30160
50699
34111
-35998
-98335
-91334
2180
-2478
608
-59052
-56224
40490
67556
-28481
-63557
26666
-33156
5808
-49919
86394
16746
16174
71457
18470
-48625
-23530
-81883
-97315
75648
98751
-46186
-84984
-74351
36629
80505
21815
-34895
49940
36124
51454
-39738
-59758
30224
-61109
-62353
-35738
-4843
13278
-11243
-42666
25556
-48948
-33684
-12893
-52447
93804
87816
84113
-70382
-89318
-28945
-20773
50760
99644
-62841
-13021
-11710
-70502
-49113
-60722
-94114
2430
14440
87788
-66776
6315
54646
32761
-6595
-90892
82070
19842
89570
75276
-77017
-49281
-65049
-44768
19617
73970
50552
-14769
14896
6903
-59440
-36768
27772
42119
-13724
11317
58469
-30283
46829
-26682
-71604
72889
71784
-51949
-84371
-6798
11186
-63355
65244
-15205
-9721
32953
65177
58072
-64662
-84743
47978
15858
86031
-95282
96106
-31640
81966
-21138
-44541
48158
59340
-92510
-95857
-16496
28952
-81057
-38752
-1822
-81093
31455
-10127
-29005
-64650
22102
19851
-56168
90170
-74836
-36081
28078
-80864
46131
-78838
12504
-29453
10794
-82162
-94779
-98877
-18542
-52103
-2052
-98739
-71565
17193
67743
-35762
42189
47444
85548
-89236
-93443
-4547
-47947
-67648
48872
-22858
-57673
59994
-25788
85202
63937
-76364
76439
-83959
-38951
50493
-62056
23608
-87283
-89358
-12945
68175
-17235
-29763
96721
61889
-93161
-36740
21365
50613
-24694
64415
51329
-59929
-98823
-87408
-29498
-27410
-40690
13274
55018
-24891
5939
4278
25427
-90300
-3612
95114
-67457
-95638
-17807
-60563
49610
-52352
-93041
38312
-1176
-38058
91934
10823
81648
-2349
-28121
-23080
-88281
45485
42840
-87094
-24989
-17094
98236
-33233
-68566
19472
-90765
98920
99828
-443
23063
40055
93057
6084
96677
98269
-46518
-7546
-48907
79679
18907
33839
-45760
81311
17890
39782
803
69033
92257
16509
-74747
-57369
62248
-34778
-88045
83586
10462
4134
-86157
3732
-2641
-79815
37094
-81729
-89548
-33422
-6833
59627
-72193
71822
79518
88181
88048
13457
-9917
-65970
58531
70282
42903
-11882
27637
72075
14708
-12239
-83528
-99186
92141
-21090
72484
16016
99713
94074
74204
-33779
-80463
-80116
73752
-66435
-74902
71977
39227
-721
23356
8911
-28510
77961
68344
-15702
82197
37645
34979
-20201
99752
62346
-82734
82580
-8802
22842
-11536
-8958
-19102
36185
6115
77476
19354
-48056
-20665
-30277
-45828
-31675
38763
53242
-74060
-7561
-82872
61367
77834
21000
79620
-23359
73590
-83264
50052
-20813
23961
-99131
25072
21298
-54019
-47526
30486
9373
-19409
41284
33773
83311
-15344
-934
85158
-22658
98334
-57779
-78768
-92160
66234
-84074
24439
53201
89117
-57003
46665
32629
95892
14527
-18308
-60789
-7313
-25207
28802
43000
42558
76352
-62933
-43632
-5161
77133
47392
9625
15084
57106
-91649
25826
-44714
20844
-3649
39572
-53722
-11173
-93831
-61681
26106
97832
-80640
81213
90567
-89482
71818
-95722
-75962
-73764
75795
-66090
-13093
99529
-41972
-24541
-36700
-34600
71972
64378
94437
44686
-35410
11575
28211
50176
89700
47144
-82541
5227
40523
-19367
-48099
4942
31766
10157
30047
-63181
52757
98660
-94190
-27803
-54961
11732
90593
-27389
-51001
90484
72545
88947
-70324
53421
59783
64269
-67436
-77901
58474
19791
-75879
25843
-84179
-83980
68629
-7296
79636
-13534
-92241
87917
90812
-95948
56399
51723
-67983
35976
78585
29167
17280
81720
-99902
-23566
43809
-19100
51281
-98390
7703
47046
-52714
77199
74094
12872
-32765
62368
-82781
-91843
8581
21011
-62245
-96743
67902
86312
-60319
-59533
54726
47070
31189
-64974
-38643
-80745
-10187
-58328
-90284
-39187
44742
50473
-9584
6369
33520
-90015
-58048
83185
44365
8776
-71161
-48519
46101
56886
6972
-20230
-14756
83370
68821
70764
-42366
39919
78464
42913
-50519
-96077
-17708
26416
63285
-23775
43269
46605
1952
21068
71968
61645
-35556
-71067
53815
-93717
-27163
3791
-98746
63682
81434
-93104
16197
94481
-64533
70454
-93867
20915
55277
-42866
-29393
15255
54100
63720
-22228
63574
28567
80562
20846
4056
-12000
66167
-67097
-76135
-16155
-97900
70339
-38259
-50969
67968
-57445
-89613
6706
72439
91514
46409
53482
39696
12388
78848
-61762
31794
46215
82726
38902
-5798
33069
33598
-17225
48563
76073
-82094
-10155
21831
-72240
-13165
18248
96629
-8240
-63109
10840
-9855
-50724
69214
-76480
-1654
97410
99135
-41362
47512
12708
89929
17068
17298
-44341
7536
97173
-56115
3766
47161
68309
40702
85515
66580
85432
11320
-79511
-17354
13205
42445
-42409
61557
-60967
24216
-70667
-61395
-16789
-33134
29654
-26460
-86049
-8632
26406
-2402
-33890
-24467
55986
66732
-73639
20003
19780
16354
-37322
28142
-13304
91570
66236
-65793
8464
49031
88829
-61473
-41778
-87073
-1114
72333
-33067
23108
52608
-68040
-98128
81431
-73986
13809
52091
-87348
-57788
-17526
-89593
-73484
22394
-25565
-81732
23572
-84644
82550
99444
17531
38586
-98681
-95319
67639
12906
-64080
-14532
68171
11576
-70449
-98035
-62613
