433157
786565
94288
377769
460910
364193
413547
857358
588933
564881
541703
719811
440511
789182
347309
43096
164992
355481
739959
29243
263333
738840
635745
862640
138381
346146
311547
353730
389632
838768
16882
264749
709538
397436
677355
46160
482023
718277
540996
592051
937377
178114
767733
143246
654682
677105
239214
719110
168996
344241
558792
827589
39045
761509
770333
169214
799777
768566
730432
616867
414655
108630
767522
594106
988266
54646
538283
548093
342858
472663
182547
762068
862275
98894
718986
420891
565311
941978
710167
57832
281607
748699
869801
345880
175565
194750
889075
680835
762978
620394
71102
545405
126634
228264
881024
742006
448380
171510
231241
557648
850796
125301
798435
744803
941745
404255
135034
457275
536113
628419
720838
849451
431064
18127
772268
509834
390598
897725
681984
728801
540941
334566
744653
427589
557356
377911
528269
57769
811382
536546
849820
321655
87034
863078
250370
114247
588528
908964
827658
861679
869261
791069
11757
834263
322893
734323
894020
223500
771185
530894
11448
321367
795242
272322
240265
719930
186149
539772
459848
416717
590390
86682
685765
773911
756978
214926
732059
988696
941077
464388
795285
961965
453977
733773
640969
935820
166220
611384
349278
945973
452482
341916
61205
980127
378901
768198
938107
843706
869511
591947
64749
269726
917786
620174
377763
623645
649160
830291
562075
581477
616707
115068
482772
51876
377311
314896
28918
935181
892956
615956
827586
99814
220726
417544
426485
691294
808152
573477
625734
20733
765711
950174
940880
735096
401642
747719
227784
903820
601748
754676
564022
447571
707485
507044
354400
749857
905526
935533
135389
463445
428810
305430
626083
983073
809660
474864
201281
820779
628783
935193
555799
889927
604068
653190
811041
452553
311393
433005
637889
111432
497061
255951
692683
910726
491991
324556
378045
296446
400910
896280
417877
690094
635702
31260
803457
281030
791147
730416
136810
353915
670773
298535
637710
378946
856720
571853
195827
880649
924807
166026
763031
920832
309210
300523
288180
265761
914408
885092
514835
345932
619343
20696
292347
542436
554997
18422
965354
264383
948753
114863
51166
525500
592305
315738
86848
639485
510570
63226
43102
835364
630782
151965
36271
585163
412875
44452
620725
106038
618310
838261
475786
885370
312639
18206
730003
684403
231838
227148
575447
687559
54479
898041
108569
973947
123580
63294
870820
741723
935455
161608
106157
524842
49833
449303
82465
477223
941377
527101
828904
73931
897312
221492
687276
282429
16210
421345
635537
427963
632021
576272
800892
849240
705112
978816
167534
485737
604751
939791
450641
498055
536617
597529
764493
975089
330111
405551
12901
371242
892104
375783
702023
720630
414664
859794
338196
894104
816552
246989
286333
305788
601820
640428
996760
666105
902994
8258
875090
929699
417045
224413
163345
908526
221213
267610
625458
952318
568659
38322
467672
740702
913262
476744
586290
111356
253577
938287
238787
432265
20172
904030
554754
773181
383103
112444
636765
768532
854343
238405
763895
994678
35284
8683
381107
84598
997969
9326
452861
28195
491072
31038
334563
125456
934205
116379
198384
496272
114671
944298
528326
155835
403781
707500
267688
889559
581951
219142
271902
657626
984898
531140
819002
603510
62562
680105
300156
993471
323377
605542
557191
53543
478988
135123
910580
788038
466395
159829
643130
821315
633180
547568
206554
704331
989038
192951
88485
907149
530811
967887
268070
609080
150322
55198
277786
795460
689083
837070
138668
708335
902969
348217
55848
753147
821182
345960
825761
312994
476790
114955
568598
883683
22289
556358
771213
505218
183421
830474
205383
11504
948732
359073
659997
94652
698264
786278
56489
530581
251303
827619
739911
327657
130807
837709
722004
452470
636754
478886
433024
238280
454101
310173
276723
86130
854022
437567
227969
694666
91723
353285
180222
139645
834733
807594
186942
186048
977723
753012
469492
165185
51238
884434
823701
271872
671345
830767
356767
751526
999262
360627
621610
468588
964472
603886
1679
656030
758752
97829
20005
992694
800414
534530
743026
817937
350136
693995
380615
272350
292930
331886
994304
533233
984435
302038
96393
476065
610061
669717
682784
590088
108385
463168
112881
234818
414838
25616
891477
790219
374551
142413
544843
296319
176396
913290
156670
699671
601347
119192
490407
180628
242951
466299
293028
845248
659516
202534
341652
810686
889391
183352
544071
929168
10196
296709
85828
868871
975903
9820
791612
675617
129877
151284
251541
898363
776837
294725
601625
598630
703703
430091
475562
839644
712034
533309
154799
82623
482170
128444
767073
712747
221766
604631
161344
17685
355068
483678
37313
356558
631222
724324
554233
898293
935965
142830
373249
168381
127106
81327
155844
565763
612101
263871
921746
763960
475003
110134
29751
983508
232336
888656
176991
19584
564230
161963
541817
3606
245013
602066
365999
687576
233805
403052
308922
703239
415705
928465
743648
616235
417755
709348
381444
716044
707317
423473
213038
991221
355816
703726
156984
472865
987896
760483
235723
948061
629831
526212
126313
283444
910097
652714
784977
505497
645163
2174
934705
95693
978036
837299
484183
959073
492588
862941
890056
914008
490062
810043
725556
259896
822502
209448
423639
517082
657551
573986
361650
152993
591405
159113
493445
738489
519994
567553
922129
198896
20046
56057
407259
985006
983982
242970
323967
74664
514290
890497
354379
680045
893740
408166
158933
181882
680930
928650
473023
52873
59962
54803
475374
724584
483255
638393
681980
230922
915254
151607
674231
476420
483615
952429
94547
159948
41680
269733
171902
875956
702287
973296
888796
676453
277267
222357
940078
50455
66164
335905
546419
95500
261956
142828
832929
194698
300353
386063
611069
574418
273644
713476
380659
146605
672685
368556
300783
887922
29331
476968
366814
646777
159552
761286
821488
526354
908095
683940
784982
570702
946363
183554
313785
745638
340761
979715
474034
787226
554591
539062
836483
379795
731607
20828
424073
861660
762584
39220
871369
50527
153434
102684
253324
932556
285830
400741
335736
512442
955063
740854
64227
35692
195618
565737
277195
929340
946947
453448
243990
954800
804707
319388
183375
334748
681710
746786
862978
365244
87610
102602
809149
396768
746632
336787
491328
223210
99388
156180
481485
585085
651056
749069
75756
77206
368565
606086
940360
633269
200321
233865
170410
835249
546740
332962
637176
427389
776172
593683
256780
844225
914314
513831
45621
781510
136065
669557
50107
987630
50164
400720
216892
947273
577432
954506
40319
788266
751366
370355
888423
461099
292493
870044
659460
339195
694836
817754
896195
725973
466272
817327
965566
294637
758032
968009
290418
479558
451173
982479
364021
960509
400972
598706
548182
882830
542540
46175
428457
32734
861119
896294
700222
903838
389051
2775
382829
359900
716808
984253
207690
142577
148686
117591
643820
611075
487747
416992
855460
200071
485191
920588
897646
840280
555603
812281
991662
181132
342344
114736
715266
356852
467605
191132
369688
747113
2224
898938
332332
717802
489576
431104
722040
292417
220408
493422
663961
105578
791684
306912
720831
171021
982198
314349
48486
882913
78342
687415
614136
968318
6507
36334
466823
474578
315802
18489
315763
858995
53214
320023
463949
462338
2634
672624
744802
371994
92248
870430
611875
45754
649897
49352
228420
233063
235513
404258
679588
314397
192566
792308
151105
752037
341461
134129
124906
669281
506693
805719
842598
417495
467248
82426
772458
54395
856806
493405
891289
679230
806790
700570
743564
916147
94126
768397
998327
67546
629586
318468
62532
705479
511382
258742
907439
390442
41117
568427
170531
38538
606662
646462
927412
179128
430468
740332
688773
918588
759916
90047
47976
875429
354885
632211
469946
87515
336178
382572
474662
841630
482419
887079
992331
858812
474394
238746
845770
181702
253644
187749
820658
52032
940178
597227
837264
252995
676148
880353
323410
575685
948249
154103
322785
273510
384197
842755
552849
20099
479926
6936
762482
39460
380099
234827
56029
68089
473340
794029
848176
68252
484793
838156
399580
161881
207737
244124
329052
684711
511939
23869
796709
984466
14554
155894
880040
140242
287480
782924
650658
946563
73025
83891
351042
874123
62408
821216
580392
477366
600836
478689
210185
533455
90164
772686
273321
522959
556266
592455
546324
283970
28381
42243
61760
170106
783627
633918
341372
307080
670651
865804
801903
210244
941157
302223
477965
49336
132019
921039
238903
591623
245223
581960
821465
699237
35091
152564
152474
205719
268770
842202
588012
968287
154155
463950
74520
326405
992398
424828
421459
928041
391025
316988
938545
592529
933892
795
868736
804076
876618
69049
805078
574460
379455
886104
309564
755770
4771
337966
661870
593224
524230
437946
822017
737547
216269
550719
175880
362982
769966
481229
75325
527858
458391
5841
481264
758701
18591
769171
511926
860572
542215
800753
947675
191874
667663
829432
188051
710370
369958
517478
30401
491707
570420
516814
434310
236190
431132
834972
549969
785364
282601
502658
598804
782055
407489
949066
335148
597417
334161
520143
380369
363547
271102
752484
913991
348898
175185
595227
346312
34017
519998
400291
325094
75908
813694
159199
230722
29215
784274
261232
931081
642080
989196
690397
11893
701797
912185
44671
513949
529913
176523
287752
941035
997316
329836
69008
550567
720665
141362
844913
617709
569096
254887
346835
793803
620239
417676
392149
128178
216056
111952
321736
1945
242243
847939
204603
110621
128861
503774
624995
905973
957742
843757
952194
185661
912536
583759
728486
796641
50148
825259
466491
43068
604990
682513
675368
198201
390987
258733
633427
308870
945634
265695
834361
311070
374051
742783
783306
632884
703570
202906
304600
271979
695453
117630
342042
329470
184026
569391
90330
450482
373738
697963
595200
961936
979313
350658
704435
612084
755134
60764
955365
956753
856137
258417
503122
579062
920928
875019
622603
397760
859945
713885
185563
551233
215195
383978
639468
518110
146746
976549
463089
477273
398363
257187
497650
647246
525478
326964
54554
685111
548615
656811
388692
810276
94850
674199
27916
834055
525123
620313
525161
626600
542034
603072
837695
132709
603436
802282
822214
444826
26080
375631
467776
297297
334501
428374
561073
809309
376497
972474
670456
588904
24510
780177
903066
849317
87894
970100
200176
3860
990507
902892
438256
388994
433403
717014
962392
173722
125256
582756
107820
712110
856873
376412
863910
780098
699922
85924
212379
255191
250202
700491
110137
601185
499063
4633
823591
177229
654060
920965
531936
567593
217699
614132
91441
314552
374246
62493
683055
867047
897719
756414
456166
331325
467093
451640
779100
228442
861419
495083
190723
582084
426680
935435
958530
489657
358579
986245
537607
958614
291163
747717
787345
853350
66811
280478
916837
12379
675286
947038
995876
538089
169925
955544
863745
729603
103992
938199
791768
731995
563970
201964
51293
476145
579470
599015
466644
994646
124015
844885
212527
44603
645442
776834
974360
214785
462254
201134
79263
363797
905136
200257
872570
594366
47249
162051
507812
612569
973843
771511
919720
684559
397627
210000
797420
816107
233852
642648
76593
913633
324867
11225
78847
337529
426916
217214
888817
550095
251799
75498
724493
301343
91210
490090
914553
909720
959786
887361
232061
514814
853025
137036
93558
454563
715222
487345
938828
789767
389278
194839
47318
298304
83949
239224
493074
512490
95540
455142
123480
383722
654259
969788
648128
984980
334854
399326
654631
766443
548526
320376
380896
115032
265423
6088
463478
959371
432796
446672
371004
359074
604538
701316
329921
551337
761734
997736
644700
492476
785883
15185
891241
290336
248257
969313
162286
975866
613472
749364
354517
314659
179528
5092
984917
359940
641576
903162
823665
284545
633484
284000
417572
404426
324117
301967
48756
640035
232010
327625
174992
432152
584021
80233
187888
954461
629495
350135
880278
417614
117318
296447
612015
566146
869807
754871
895871
234558
78898
751844
343453
785279
444879
277798
791819
995705
64103
510408
874421
373343
497037
218751
515236
628342
362769
511351
43965
302661
570088
92038
595796
364006
842543
81232
192085
782443
924428
22789
774980
652048
443743
836252
899812
872935
749534
965551
910851
619249
63549
138152
281731
932352
343221
10922
782486
611893
778620
866964
924083
862112
81361
577222
188868
258458
474279
384437
299684
980377
916004
378145
80665
566988
353846
721576
118935
772829
75014
231103
558134
293096
601564
700739
363943
555821
827862
899353
925379
546274
136097
289034
955950
778031
237592
403372
312936
340915
322024
690181
502746
849527
494206
762109
282553
642052
843905
649507
528710
52104
139262
834627
407636
128781
256391
362618
574422
357617
146895
167790
573309
749330
76136
864032
399461
379061
338566
410084
975230
165527
740743
366931
802615
886818
642939
760466
206263
557832
644303
569791
141510
725545
147642
553605
719643
670267
927790
177961
888215
527844
141082
644586
780053
810152
526919
952471
764295
18672
158680
687418
752923
435064
312562
202177
641462
665093
354551
49407
423527
366190
540874
850246
363811
128428
463124
905656
70313
83916
436862
552123
283393
639927
367179
420618
255298
584869
261193
489281
227421
706209
717910
895472
406781
957449
444104
38811
11340
105327
494507
557239
821877
751946
781857
551229
94853
153079
443450
876341
813165
532550
592567
87896
154953
884734
347764
976879
985070
323041
461053
164522
775495
589480
678574
617682
452078
974376
803
674294
97351
779340
715710
443552
520104
841636
717118
161500
907979
351153
179182
269303
113674
252051
122800
993017
560729
370612
439825
159597
143570
783346
630619
879703
943794
725011
579519
364188
527744
229360
361186
98690
889104
861530
692383
984292
40330
791152
187790
660149
862823
545500
705758
207522
326838
561449
97252
602777
668865
407461
538996
976498
237434
85976
508878
595259
805229
207192
547204
4141
2192
525431
664883
132264
445510
396526
382689
565587
85606
74822
702050
646602
405130
69142
259437
604926
955933
86558
345609
396144
601197
842966
37336
768683
230744
662227
206437
83326
816677
511153
915924
942293
576500
945418
449265
822105
542815
857583
418843
21880
945623
254651
561964
71184
83378
239087
815200
574330
405959
520029
462459
983721
329924
384879
178047
312605
345684
344763
106697
918013
66936
986515
781443
367274
8632
561721
182510
608404
99154
301692
642406
933737
817278
758195
790029
437633
162838
651416
233092
660838
301265
243057
415458
177872
231601
420507
29127
38841
347542
637234
723103
883735
869700
373486
837393
121936
171309
510233
96071
543820
973171
667642
821510
347552
109007
548094
369119
471718
531871
667794
182974
584685
420036
625140
926054
231117
338676
335214
28417
711785
230703
651957
980063
601724
347239
973885
399901
126768
880366
637892
153463
472267
351190
231447
965941
761180
403335
512123
130605
660535
364544
168745
813688
424392
532521
358202
472559
647698
314448
963638
323970
973113
910701
696176
22516
109104
262864
686745
187046
176555
345741
979312
301783
6739
263890
365029
20677
688152
227804
542991
402578
756732
92631
131798
648214
533807
408506
915376
176493
694002
540232
245883
488576
396631
582803
544075
443899
881958
553310
215768
381672
298922
485700
177821
884482
805345
903187
756639
166446
21574
83043
50061
577865
610881
154797
256055
388501
677616
471788
866394
177536
111386
204458
506686
997040
392800
86508
522766
361603
838966
624343
849368
413610
683217
476071
347023
305460
270951
172762
886535
69364
648392
198971
273341
709520
973244
700982
476001
170378
34476
662277
556477
160997
427955
497582
87033
955102
534242
663479
848032
574431
294415
310268
308028
716764
987582
493096
560073
854189
778558
21413
573785
18636
391595
643575
447679
589421
776218
505910
721026
860619
252430
761434
151843
31419
44201
230956
571731
81256
124739
238299
99952
982283
495948
96840
564193
999586
910729
27346
897328
791250
625268
40553
302427
900137
892078
99297
36045
94297
247888
221040
792573
117867
587647
866618
217896
713967
249787
595037
663630
606357
474737
737988
99205
74700
460246
283584
44228
904933
767467
208121
507397
790481
700102
77794
511519
310300
677106
51209
369507
117608
139406
818660
524267
929886
211478
877322
603785
664484
19162
1282
518684
759583
542293
676798
93203
826931
146897
327089
676029
314758
310946
118485
795787
364491
993752
805694
865737
654369
26805
478865
331749
131542
184094
805703
814394
946615
241572
777897
94424
955614
666743
529002
792022
127250
505031
746795
970511
495424
998159
434711
726718
702922
106658
540532
9563
176807
312211
350967
335380
381037
625119
618963
789503
39103
275452
74713
33290
286656
461968
64317
483117
39797
688094
203560
794915
698446
566824
709341
866678
16924
687855
845132
15725
191390
21249
317296
791048
244318
671116
506602
318988
965481
409058
999512
649941
609110
619991
270319
953060
828634
80281
593806
539053
873030
793619
601447
366074
694264
216378
779396
75688
76440
707850
321354
848965
379078
915154
399469
110376
69422
909804
217869
672232
760772
965940
26686
970252
916928
838562
53677
265635
767440
166704
82929
629678
150236
26729
471637
22108
872266
655719
62637
97527
283253
837787
6808
987587
921115
348552
523614
648477
546899
186994
463842
747502
25407
208552
608850
712005
505710
341760
310973
132157
32726
107029
981369
919537
91188
845111
914680
81411
614943
518217
780198
261468
511581
175297
562097
206540
488244
517725
166746
429717
310348
370961
865613
783006
768303
879282
982075
646659
546132
907162
794650
548208
490773
261452
652263
367308
679457
29346
947956
268437
329192
465483
761569
795676
433194
62280
151338
787116
763259
327250
580900
214871
798227
331160
544088
381094
482224
608417
902491
197017
247406
845604
801642
209847
109512
242613
13620
414885
365313
160459
947133
733741
172160
476085
294444
383415
181797
983825
193073
784493
788155
1097
177373
582737
284377
487777
338249
596562
526480
299015
682179
649784
114348
583216
287240
759863
877542
404137
413493
309523
212246
337586
500881
654421
224091
437636
170095
379470
501505
330163
365686
268964
461859
406586
801684
42457
332464
169472
454596
49084
314266
785858
462884
95549
17472
711800
641116
687580
188222
646569
73173
412847
57433
602706
654243
122521
543535
170046
254908
497263
797881
771097
471381
439639
39050
326380
858906
486618
169211
995102
591485
24981
619436
275492
470099
428760
162180
894666
581194
998118
603453
40086
641160
547293
97155
840702
586183
36561
493113
87925
537967
319909
747420
785846
919478
574578
661430
933703
925964
937178
37065
949591
484083
911000
688037
248288
283435
594058
584599
224756
623267
628156
23860
697064
381878
377274
726268
960975
986402
67139
946156
911890
519476
962341
757383
66667
939453
920362
770240
181134
591784
909655
606248
951254
191976
883655
952266
45402
214463
967210
376473
62134
648326
465218
632449
902827
748031
623780
72959
187937
844070
776509
286356
631581
9055
223990
942977
4439
69769
148795
270628
798001
760648
474659
370368
656139
378357
280639
835773
119966
566663
855933
494288
572257
528103
955351
43350
231631
853743
424292
409841
645538
562117
703273
874461
156207
304513
534921
703921
651507
214104
517553
959064
443332
22126
3772
97271
566898
220766
865633
207913
412484
667807
214951
415895
616722
531405
441716
430958
728200
455207
650059
956498
908101
139083
631933
147082
204129
781558
942793
743837
38847
356833
683665
871020
945087
528720
205293
505078
831837
429963
921280
243450
272012
202042
490815
694353
879033
742629
917312
822506
745397
95409
276081
331077
172487
940642
856822
479724
900444
149366
85877
381663
646253
208280
560078
361967
565560
631410
553022
397905
863982
798867
848692
604407
930654
297384
59936
760847
549020
81338
879235
168408
913352
116842
523949
636056
280134
870431
642737
268147
376977
307238
858678
395525
264863
618956
264362
551183
734089
570311
687155
537139
101285
171730
897749
821554
283368
492446
166126
91589
489365
159536
974734
894291
694023
210424
628898
9548
815264
309386
720397
847722
2524
894355
904621
870438
451814
361929
220489
117709
141964
302572
313644
556169
696662
178301
723323
608118
565304
317110
716376
63843
688377
751162
192635
824822
265011
643895
18309
853690
993490
284897
233167
989599
606962
635165
803721
859158
390903
551398
393005
392203
267555
211851
818152
137970
706695
419219
571202
294215
408647
976738
216022
752063
147917
278333
158067
917377
379524
405247
153552
674670
567547
419957
200206
411485
973395
522502
222113
898079
982065
802714
138297
826094
345547
524651
351045
48257
141667
771455
458184
445955
880830
412953
510076
283193
5353
120911
967288
273519
827819
794022
721777
955130
45907
682070
107204
94156
74633
951318
449733
738921
521223
265244
666265
658875
514697
689386
382917
356736
685828
379840
768025
81745
736383
797841
166616
194408
740635
288576
402915
61153
951872
826864
285173
564745
675919
72200
248033
985229
325294
836966
230152
302846
94875
558228
859789
361826
663012
929828
467589
899074
95721
897528
585896
818198
917436
543338
535733
731461
637870
723985
782434
245285
510675
662786
233694
824667
488765
827709
625473
746490
350030
971323
548965
548510
515413
180400
670914
714658
903464
252177
186062
821855
942664
45982
381822
413997
548885
181255
673633
319717
699451
444576
14160
339280
930950
476465
896423
977680
222874
473649
575603
979861
464123
239487
376581
55336
999443
48204
494301
525386
330908
355506
711331
885376
227253
660369
961275
398381
430691
528284
610933
114991
94184
634489
232850
651551
260629
609529
361045
102988
260560
520103
439098
466056
216339
663269
115000
553719
411797
544425
312620
944365
910784
6006
396302
54336
726114
226971
801559
892384
951421
91437
726366
184552
627132
288155
634224
878105
491881
506734
979844
89182
713660
909201
392785
826735
737678
874077
85373
839297
57108
990402
560602
553054
498003
375851
964443
658208
261575
595015
100902
491538
46958
404506
127801
799852
93840
289294
998018
411855
126739
352458
978680
555269
376100
794474
723864
594252
541779
247574
429091
573168
58483
858497
345309
625341
508099
618918
58183
630455
184818
643417
262309
449298
641732
401624
777694
502895
299151
704323
633985
150612
825999
218549
397736
3511
372647
951909
464244
682999
30912
920799
983946
104560
480934
334319
450116
102595
862499
620448
708850
530127
181082
95775
976921
316862
289581
364343
857041
261707
857419
108504
50525
494826
247988
311184
701982
492429
553460
414154
268276
665743
600793
851674
750003
18796
737123
850758
108917
745215
545767
444130
908718
365718
738742
324821
783101
199749
275773
378689
97286
163979
984820
465997
856390
240741
442185
661478
629526
188045
553907
554914
590442
569988
495633
828827
22221
302283
527221
785266
959589
242813
608744
800169
475048
198533
63013
719322
537870
730789
806932
807789
64397
621851
369910
784137
719706
74086
40014
51037
48572
126130
999872
552809
320727
847469
166359
209958
632379
335037
831964
985537
141665
46279
904152
381217
481550
736288
437206
237075
591100
297557
267251
967506
393537
900104
663763
828610
292101
172658
22075
459978
500775
112187
603630
569603
676810
871295
41032
248529
703487
757729
71323
890513
217691
448696
611911
725694
64709
496890
42862
997988
277852
244503
211118
508762
507068
169948
443837
616494
664902
164240
70437
631056
902567
530076
869987
525570
659720
935770
38794
184235
479904
226675
325659
190752
588561
754547
852763
634793
459681
207820
465765
92073
105176
14810
657402
396225
541317
916747
134118
214186
349251
323526
548407
477230
566925
864622
199282
949988
71143
406269
891231
937959
244154
896093
258482
95386
454472
503301
305615
612405
148192
168177
928068
747202
568501
572087
452500
98964
313978
669011
291396
416541
956273
916636
297550
391017
43085
38179
314297
437040
715022
606012
364266
496130
109490
769646
351481
855951
510439
402424
324983
613545
812984
165161
148150
693535
733831
110630
746047
131284
480768
196386
76014
281593
49453
679374
59681
100077
587888
560578
46625
591040
712153
834391
125172
177073
400656
318680
359295
807874
290812
409091
824794
649588
555503
766469
146156
512236
993419
909891
911830
568073
366112
870492
232587
666956
932883
318289
283798
556295
347395
638897
768110
738988
654951
249948
314434
558523
63206
160671
445798
157415
703055
62337
393583
258466
520689
931056
326568
34438
225920
872259
674378
532065
171983
509362
558256
16962
91086
859607
469703
589621
415577
467403
304538
269639
5943
107018
866035
306248
344272
443660
879387
651723
195615
612500
905742
375944
659475
36196
570106
764440
612468
741541
410038
828420
229454
294998
513590
794932
453380
991953
274237
837485
518803
654837
642523
231850
652589
806334
504855
728417
130830
98548
155892
173113
555216
418153
793154
893578
608335
877785
456742
139470
476585
693544
849772
39837
577358
992215
710286
129214
908087
332766
473421
880243
1351
409332
306891
219545
810531
654954
39871
416851
415653
880237
4709
460351
610168
670515
373300
645137
859499
172217
62694
228717
926620
353411
167351
994318
7692
44449
521645
556675
525600
417002
535341
855517
555754
588651
631794
551543
705468
676409
374375
378358
395747
56480
573688
687844
515917
781329
665745
910774
81591
860268
648723
171895
690018
542169
967363
992665
624678
795271
232906
945659
553120
9413
907762
289506
80330
280066
811937
859512
470935
786116
713188
469390
350878
74918
884675
496246
455501
160144
735524
129875
524636
98745
112853
247713
514044
363033
461145
261428
337343
267244
329042
569468
73934
868407
111714
99142
346943
227978
405665
772822
382291
980480
620342
808184
463902
425606
962535
788879
482136
491354
765260
236553
116551
216997
194833
417851
328517
496998
460914
272115
74673
582798
805565
552991
62723
375201
600155
581795
282965
657376
185685
867462
552312
882258
863393
143336
420445
991602
462777
954505
181293
453461
644115
365997
765074
545320
591655
286526
566280
156663
92987
135602
537886
108192
86324
394658
159346
190216
391457
255854
682238
7542
705310
131841
610134
820039
491973
647469
667667
617582
225086
734305
601848
591967
882404
127299
15865
864070
259849
41498
499439
913108
695177
645218
3686
66768
780586
514185
586670
329726
902901
314601
100242
153457
514193
480242
797464
908536
109693
173413
460399
531039
685321
911284
181943
302689
23022
576860
55805
911871
846328
789528
991665
772355
1050
117711
510587
692452
467561
267709
530487
952566
757236
224616
112449
156255
282238
687083
188206
579992
36276
503356
219158
450731
599464
435824
682240
905763
430719
281022
539410
539500
67435
945657
747710
474517
599831
545625
767837
859591
883788
734449
61562
125135
796707
33400
768323
984502
745712
108526
993260
321806
163017
391462
472766
387896
799684
13964
473446
743706
17140
567012
203381
169698
859026
687527
176864
694626
915646
655845
192605
189306
850893
910111
825164
980752
719174
75948
474073
461981
666456
408507
523846
584705
851152
193166
967665
772225
26965
701320
219234
185543
623994
806470
130216
573951
833214
424617
78818
400355
818126
607571
714108
539086
619609
412939
364816
398839
904376
896275
44389
856143
260542
454996
906895
898542
892163
806660
756434
788626
730235
348196
342849
837132
418465
779507
127334
627443
139490
541249
400822
338491
376557
109825
323572
983211
82408
177594
783546
23650
459691
994211
918558
987181
855630
633265
916150
131319
984314
352476
9438
242817
870245
355135
864072
775374
411631
526359
277993
147354
851047
290304
131212
622604
200140
251342
581486
690781
850501
788607
484169
508808
294243
504805
777380
873612
5556
284656
977698
193004
950191
79358
226910
956673
550986
703211
455619
111601
895072
799843
527391
91625
874408
775120
365550
365779
142925
427434
614670
877356
436127
74811
894283
192655
802301
478480
45887
185292
686029
308061
365783
154415
445430
129783
573001
924057
183659
37518
338254
496548
173759
636857
639146
792622
384788
535288
431642
904310
238845
896529
804168
71041
685759
977937
955230
977539
128883
328833
725102
541788
779223
297423
894088
526792
246948
362286
998650
840045
880990
455607
980245
624285
474847
755635
875152
922939
251180
238486
548352
987676
999678
519049
820664
290053
550507
760178
605893
253555
284689
987376
567638
999809
779948
80744
951143
937504
599206
820321
887243
822072
28161
317337
355182
937255
786864
730075
819532
743243
196576
907312
342274
950292
660245
548155
712234
772393
325555
224347
165159
190890
436096
799940
801020
268048
568471
606243
776776
463913
522754
721565
4954
876190
732303
343563
612132
532139
989874
427013
786152
892000
592120
176564
571671
885574
572642
249490
996556
574227
138542
514509
360280
686014
531541
910745
252034
953272
87007
271514
534096
171580
573015
785553
834411
704676
259705
27650
782323
461034
287159
10224
399076
957509
638808
274630
533397
386094
551651
146575
309470
577387
90391
190100
140819
492561
229666
97865
557046
869712
799115
876238
558096
53987
158210
650395
173252
576044
801706
579073
952090
525946
276846
717288
461276
494932
827923
211512
757990
249195
507047
165043
473238
862092
233097
883210
166457
134731
566868
732656
945905
65157
551477
236775
654352
639010
523542
942703
822873
334283
65772
227194
51564
376810
353549
384027
993931
708984
109032
210318
241739
716916
486864
590077
711101
241464
518
598611
265608
812114
101227
605037
344370
201989
312742
105679
461330
510538
23776
200065
493109
881656
557429
204993
805790
529391
953430
639694
705262
876052
435861
274899
654464
542694
191006
191769
96097
235267
53151
592441
235944
639697
260526
658844
209072
733169
810306
842746
568793
573807
247190
326596
408523
176867
508473
466602
612475
559158
278399
974527
872247
595436
764870
748584
575385
69388
203386
208645
528687
432352
665280
322705
24874
467645
260460
884712
651432
604221
384804
786439
985128
258923
781893
17952
735013
317287
268968
127089
706232
465491
384626
895240
383842
747529
558623
510178
142960
179072
918987
326887
199065
550820
249962
7771
186935
190889
415661
258917
698063
661564
916314
954169
161192
254151
57448
465349
825759
922157
363415
444770
936224
218298
706558
366034
410227
411393
805244
878160
267214
495164
959117
983084
384892
382438
687898
391973
276208
295067
64046
843995
631440
253991
668344
908368
17790
269580
585287
506440
244276
449070
332661
233823
274055
318363
380398
708436
330247
233843
997267
547815
63489
474507
786282
39058
43668
992439
316970
79164
383293
266744
930158
198478
261435
834234
656133
346514
607352
290612
697090
404827
964894
658488
993242
262277
174507
513209
46865
243703
364566
684429
603024
425677
925167
525192
127679
841192
60912
335527
140651
125605
318054
80075
13115
599915
324214
764721
190720
841148
103232
279823
494336
308138
84069
459641
505602
537545
651466
457796
43755
715766
137539
222641
228434
688579
553266
338810
892043
15581
462674
31364
470201
804548
56650
301069
993083
36670
638210
720360
654187
722250
585371
535126
206158
246045
136217
596803
639663
753881
849702
398316
970632
25269
852014
41978
404838
27884
922680
12486
925748
310414
216019
642708
887996
405231
717749
858114
823770
723899
660526
368128
729445
43215
486714
645955
501622
61372
44032
442644
691721
899745
564189
685322
882
717188
734290
914927
499549
665275
559560
979481
49769
180439
801001
211821
226694
407773
61722
709580
623280
848570
771931
521038
582576
948065
344994
970626
716996
106102
593719
284233
611243
486664
738027
415638
303639
167081
288316
139160
404483
859783
174629
426662
344416
352163
557529
821285
160854
319972
538544
525214
798536
228117
928918
682131
153674
795056
148004
228202
41318
30892
81786
637368
673215
73131
473315
194024
138369
273408
197416
453355
746752
335965
820695
288078
721942
828303
445582
992943
203676
451125
647789
786010
125954
246662
490424
555126
708374
455030
607603
59932
927701
594210
808513
429869
387355
709846
637847
877875
340034
796474
192808
853778
760108
642979
143454
798953
135540
430476
79829
853739
112252
765442
932051
537649
974556
926775
329182
407415
254269
558378
906310
203767
145934
528294
349728
809448
111876
810115
994293
489016
649480
150403
395515
45592
293425
582175
374945
388914
559138
599916
317281
201327
525932
536204
996923
441746
344418
430844
331422
374748
373243
540173
44783
730100
5573
660697
459593
93916
615191
877872
197477
427119
267900
252200
427893
167998
53806
335958
628074
267033
333911
172392
636185
10127
572557
443615
109285
409901
791544
846623
289071
710593
68606
833664
208476
927960
67416
499720
941059
374599
636158
506987
57229
818525
668686
868876
159540
980780
926736
598273
678635
546411
346423
323840
721236
303706
501174
751863
517387
93863
917470
461636
767179
422033
941799
180998
451494
243655
237603
959674
123152
853872
349004
533605
472892
768272
12236
764361
347192
238252
559557
358793
638706
587513
821081
210592
174600
168018
791851
212505
332984
808491
213723
981374
50729
876918
651594
141278
634752
147646
736110
873947
5374
736496
668786
697713
571006
571605
704772
901564
101830
434400
876399
489948
924203
728320
787368
610293
229102
259438
726914
570547
834985
806079
388372
718900
348280
841006
232559
48107
383621
140562
626253
683814
395869
619331
571316
461662
237017
794656
191366
241643
371990
654945
777569
837442
605766
616420
341870
384728
125921
658413
264062
518076
834778
69333
824059
909836
826669
898450
161762
458136
574593
444715
245726
851714
745588
651987
340587
141605
960606
688002
840661
54841
740149
482593
899740
298450
925855
123253
877339
694358
860442
75828
583888
442014
246827
606656
27758
205133
138790
52730
498593
721019
316772
496863
967866
608394
775102
355237
92488
708170
801022
700524
911741
416100
392197
166741
331443
794904
274470
393667
959727
241050
210744
933241
926920
773662
730902
627542
508868
258112
599880
327013
178235
243670
662564
785064
706117
962537
704808
163943
18008
886012
726012
873455
95976
895050
584235
551544
177141
724262
605746
661756
703823
238937
286851
337385
724288
392624
78523
41057
930341
368538
926572
161399
977137
716328
135221
819914
161604
970694
180079
694502
8469
577383
187654
454391
468346
292100
370172
668799
519709
491889
601375
520433
809474
3383
427336
177780
57727
450234
930595
800931
687759
263209
345778
20158
951443
757140
362398
681157
243438
952565
490929
322074
744757
264065
790506
512332
848257
700931
337565
382842
564624
908162
263877
745464
10633
890670
183258
96262
925751
462297
982911
957159
308778
465509
742144
890614
479449
380502
477043
974280
58237
406298
554891
767893
265848
722764
737797
608069
34194
364721
854980
317176
913727
255433
18769
39276
241929
979911
25792
229919
119288
476869
800097
289542
102546
50518
594467
3659
633965
104570
107623
447858
400968
588658
855629
349827
283430
568634
159333
542608
116390
755561
57014
392198
926870
553094
652392
573726
807502
428983
663505
60054
853158
508644
342102
395253
463202
594505
224961
938158
255808
159146
548537
819344
984976
689628
473377
937258
230042
923537
620412
514092
879884
373747
44407
772896
274632
63015
587990
629871
555303
911012
917833
593614
29200
449855
187459
428891
296539
317097
651985
198793
451568
891931
418966
872074
575378
312321
838629
731258
960933
496843
494031
507762
545878
212547
859376
213571
684239
927046
572069
42314
420260
696718
686036
367717
823157
467424
849254
380603
5879
554462
534091
415568
796359
942428
252054
60578
436162
79648
78361
426559
290114
626189
32887
446869
534080
926979
696324
865655
220150
709043
397287
984382
508798
979932
930723
922580
301184
840059
898290
426422
652342
289306
422522
220242
962652
403907
208963
775621
120130
88991
422785
418704
383985
830038
314942
686346
72591
403886
262420
48897
845468
755707
323886
124328
673873
908888
615861
162415
185993
545267
486896
731332
786131
66755
860595
92480
888097
534685
930928
439648
675519
643930
282420
640326
414689
426784
981236
486530
167964
430957
194092
196440
894115
905060
709802
209089
227304
736902
794121
307950
330072
140563
320055
742317
147860
210376
439811
353019
499971
498991
219056
782836
405617
3785
887135
165278
907351
89613
827187
209425
732510
978410
46919
821597
667617
233412
62090
824374
47474
18825
821720
321177
735768
81293
382626
607472
847074
672531
443646
538323
254255
208596
925612
892050
245715
18436
293405
67579
357183
955501
292214
838957
714158
85406
211719
665148
992307
405333
651618
279844
887544
396092
778730
232390
894760
11080
155302
908984
369993
700569
140230
852667
986529
887015
657117
609567
314538
994175
297233
579208
693435
274114
292659
24979
415643
653252
481949
849050
567049
532365
42549
878602
467306
481002
113412
196659
425933
383491
203665
987759
367098
834865
952482
905998
289940
528228
577457
318931
869406
153657
935078
9985
874967
473409
763981
944347
967854
234775
250073
627075
948703
838005
779960
158807
286704
578682
177562
623139
962857
481503
125044
929544
417576
938539
155085
286258
166171
883438
21807
95803
404094
38222
187219
355414
4777
93333
903916
464849
682092
896521
911389
536285
612494
255036
693620
409442
442139
484276
289130
539979
525226
649753
404751
795615
536459
436860
424248
16189
790835
952602
957698
820370
206631
883247
259267
304974
138566
731244
530282
792896
602979
747087
901033
533210
505228
739763
672669
149988
805665
519213
453099
482146
266381
211002
99331
105894
199420
953159
146432
6385
770181
546709
244380
270934
24423
887901
26630
625666
171857
903541
502639
647255
10135
851930
625669
77710
113126
824212
809231
757556
59845
868297
128095
745375
873739
591018
605001
452131
699634
879323
417916
733631
903474
738781
299142
783742
414806
954935
392788
350755
334612
1755
156705
692157
467007
13798
181375
450785
342573
456301
827019
81237
54201
186805
882322
370420
821723
577995
554023
230283
781597
494344
769288
132732
635505
994284
451678
602345
535292
816242
954607
770009
526265
596584
477858
96230
962285
557987
545567
581675
375936
890837
274557
138363
201972
93893
168128
892531
897786
692709
873511
465733
909348
683783
524445
563005
454140
181521
609432
894739
771039
281154
429950
378704
850843
920317
823771
407653
742572
717569
768458
404591
761561
755631
63513
849230
473417
902530
826833
686464
640840
973307
634964
534047
429268
736725
712150
90674
80536
473794
936480
662889
4920
841205
235655
153649
21396
687660
154990
918236
492514
292106
50078
315311
80541
930459
344181
795035
430735
990881
845399
504628
83871
735213
532437
667708
369544
415248
521497
600652
803705
887606
590323
893183
179597
255050
658202
416147
920733
711860
195842
169200
251921
52562
911547
352599
641303
644649
16969
757775
765155
901770
821604
99335
181973
796668
560413
861761
595395
875003
223721
201073
522197
856435
715363
590541
688873
657424
546728
650665
94719
330117
262529
167433
572985
818389
797738
328048
262460
389
552973
398152
986889
701217
787715
270014
610324
736858
747472
68378
332801
737765
628380
188200
401619
186419
126177
974745
449302
250687
924880
353488
189022
236799
150631
604853
645903
584547
813752
678290
45431
812158
327501
911743
253371
697390
445419
647357
288181
443427
652076
232472
620446
161100
184560
82417
93430
750515
388792
297089
668930
704877
994442
389298
687728
307132
119208
475769
596117
444884
690136
570091
787731
646683
355610
710586
932085
701945
538403
541368
52705
987500
393303
429295
420795
391681
906562
146654
549617
942667
130214
452645
374286
66946
725169
266636
936524
167396
159279
951529
727295
637966
318003
180726
338994
288214
77846
574939
275922
436399
802966
598147
272552
967792
349432
692417
874214
534303
233090
13368
537509
733254
118126
611885
799975
662196
815036
393568
12176
922947
412920
675453
468200
247707
428
559374
959409
469028
453568
781121
51245
256196
667665
226931
865291
503668
681701
375950
101608
6184
128538
383069
587176
279579
947435
896658
876632
166235
854036
764686
635859
477529
501764
161578
342991
502739
357769
395080
446841
118648
111074
417192
663327
52930
783201
776540
893700
676165
674480
99772
186177
17684
492456
866225
95229
182348
846153
839591
862180
768047
168884
373467
918826
513130
953738
447659
259405
535539
709321
644622
431548
954175
249533
38253
364210
559536
714527
584385
78273
296858
472323
781099
333059
367643
627319
755679
558414
123130
998261
106017
915347
637217
449932
173660
9623
176873
950897
391661
836221
20360
629649
769159
342506
530416
220719
27064
949782
881087
893093
184279
541090
759014
859199
926091
625457
720162
624584
849750
856047
152973
769206
685554
912841
301309
53439
488997
557010
165787
472044
420931
151829
288333
849165
219547
242020
196260
154225
841570
423978
380090
887904
565103
746370
274810
736844
710190
773806
549863
166923
169268
726990
369503
48202
538564
878487
905814
145900
635712
329193
785203
663157
583913
156114
940607
321464
574528
286522
702208
543717
956866
252428
326038
596208
840966
170556
759830
820698
177192
967035
435163
344589
742425
943168
123624
841362
855791
795171
566438
707721
298429
877584
878958
11656
917725
846637
847524
792797
650946
992563
217403
585756
45576
313336
297261
301611
1189
648255
903864
57309
147254
525315
669250
603089
250400
953807
475857
84783
584091
661831
623160
622701
713275
119496
144769
266088
332228
294309
760853
932328
339827
379610
728752
557696
116883
298463
813727
189180
575548
729235
628754
153246
377801
309769
292645
570199
269956
763656
531511
4325
366758
742025
50485
487360
849917
451234
532572
933538
385836
791358
598263
768540
165528
536173
914482
614018
695197
657588
5935
403999
628851
217968
410972
242021
751818
16678
168077
756145
486621
348642
960351
187784
453090
255440
615036
841603
20052
292912
976116
210171
711222
24514
195056
379336
414184
836951
467695
704330
951604
404910
563931
641858
170197
301108
547778
919116
701917
604577
609641
741790
356134
334183
780556
91303
634502
323795
851320
120615
997382
398508
703595
174557
552347
792432
60963
690174
461058
724636
439224
371313
980906
621208
983523
287158
394343
280672
902312
819519
39287
306603
215226
817595
308375
316085
539887
501177
302858
259120
325575
123273
358355
251953
531519
140816
2549
299561
197950
612727
657070
79921
753317
14046
992663
515256
45404
68666
479517
737683
212372
704096
54167
69814
199409
569783
309086
981261
537975
179767
112771
562255
692168
711894
615427
431735
830467
807929
486672
540976
318817
911723
940809
168960
443537
461688
660501
744919
173972
590831
906600
821999
660275
423355
880942
306324
231126
159711
179002
70186
635833
116337
287629
945283
759817
263973
595236
813341
912466
845812
853562
172481
43234
54217
44151
690943
548924
480743
927019
546687
154827
775591
814026
733498
884497
170582
214814
899912
850465
987616
614891
199267
357263
619750
366826
707943
698809
524676
552112
609422
156847
788622
203057
900552
811481
98108
92027
464228
678705
434765
495761
174897
857372
811683
711111
469225
972093
834528
762446
953512
88441
29979
908243
929673
793583
389578
194284
588406
483646
904363
853000
825635
845593
516770
532254
360192
469680
329324
505975
437865
203773
664717
807015
385227
364752
292576
717284
230035
299688
224593
556976
412101
291262
719135
924049
117217
937401
916984
749159
329180
132916
261933
702965
617931
242321
968720
278233
457505
923196
660320
472300
685130
490385
403181
741863
139501
176856
851540
786514
563341
570548
981723
876130
425886
552319
233010
171565
867317
766984
376262
141511
226405
295011
454852
676323
53391
254000
741925
249193
586793
589781
836852
774927
391720
952498
826664
806363
144631
460204
784037
554994
245268
276573
228292
417176
112375
798607
804661
205365
28073
746842
122912
460259
960643
94532
654767
612828
359445
966100
854956
342001
101574
784219
406356
10708
552512
328467
589283
903048
635703
235936
312633
50857
400050
677588
387288
47676
984915
135776
458723
778154
15973
739736
783893
17947
568289
673466
194915
990169
748385
698789
243058
191052
814403
25083
648789
951104
687778
118128
96921
250125
677884
736362
972755
246734
686923
496509
349823
715590
839859
97801
167465
823798
759556
634627
562221
834933
328149
8561
983316
315379
123693
317601
689459
68999
950705
444762
471335
419098
195744
517345
931624
838790
211012
873567
621375
660478
379306
360550
251874
80020
276013
21134
646688
891762
369402
131771
302460
767861
146889
295341
550652
2374
87109
5216
720091
200597
104977
69462
881391
983005
131956
254169
674845
339953
402047
929432
409393
677949
421654
86755
306131
141463
250476
586564
3680
461651
363328
398233
611144
87532
589573
561892
369452
27573
934290
460996
199498
831884
313205
618595
838845
305852
936548
140293
345702
206568
516546
577473
298487
12743
358818
968519
244235
506835
693643
199230
702326
688825
905401
156295
708781
223565
41076
534422
260639
4809
901684
630483
255847
155636
124266
327364
611847
889456
78316
206319
975915
703177
205212
780922
708272
742818
85503
605701
794911
797063
995149
336533
146018
45409
257099
628022
410670
602892
82944
288789
689288
41954
686817
68141
710652
579134
807315
170271
192548
301037
621354
369613
229307
39322
127877
791780
518940
250218
775955
954123
616516
995272
32276
339310
383233
125025
5623
755866
315281
779131
300419
855045
231032
576361
330062
109885
547632
657357
325150
128221
343466
201208
92452
209647
84507
786256
499608
233073
625182
799745
137163
621372
120383
957883
353632
539011
594
790748
945132
870973
837176
258431
723272
250812
90633
139448
549314
533071
844011
484701
883514
477368
800143
271386
923379
780456
988805
252168
899421
282863
893559
257842
288757
83573
423717
679977
776963
304049
504739
599411
675613
21291
644667
65886
25677
140368
816630
673643
260224
75166
852164
894141
703959
491957
376389
480712
715664
158778
575267
657787
465019
118593
998280
414426
462079
222167
31091
632473
768739
146235
748507
421798
961085
5769
978793
59541
696503
885838
292366
53974
5831
448930
267006
104440
606689
268288
231852
10900
723752
157218
778058
801089
300798
357030
900396
321731
237874
803264
181541
232130
624662
250813
904680
743269
793323
653576
305226
193141
757682
942720
620191
540112
57733
586213
419477
156689
595233
294498
629703
601033
368759
983226
115188
482029
455846
310770
85584
871972
901896
143684
138724
540653
966257
556799
490804
716826
606239
96000
682110
643561
589428
228843
918968
263547
312660
636740
326550
649886
639324
618755
191304
790829
976079
473095
753371
454955
717024
853451
670516
77224
126888
891927
914681
665985
109795
972525
840216
809992
353386
686838
256445
253445
677520
808470
663713
485211
293907
45099
119791
296317
501372
320957
139666
779359
280891
281947
215676
389075
67149
131063
774282
472228
987231
166383
711164
693122
519478
482268
26253
829848
678993
789778
8510
387652
788818
233442
201533
665759
1978
864438
903570
904983
103980
535094
135288
503412
296808
823927
901552
835096
703986
582491
891490
541303
281825
914651
120733
713667
993370
576371
624682
962334
405655
862990
74634
237978
884540
767213
510385
570844
61659
465208
887394
96663
546571
609999
391257
704091
227164
211571
781827
432966
801473
190009
608263
115007
820616
707642
973349
314378
402157
974048
565195
367742
854160
980419
927330
292045
42510
500108
334489
686038
132714
221917
494551
622415
485613
321527
989241
138453
767192
171190
265860
179274
894698
603545
102473
608248
317477
403908
987225
813636
586677
962335
560039
925808
425901
893532
28608
322485
618451
17290
190836
5718
292302
945535
802356
29295
622964
490953
160781
276190
437717
87435
228061
833915
728363
865774
520849
179468
335338
589251
781148
332707
470382
360916
989923
635443
616170
208939
315642
202454
735131
80598
628520
798410
945107
447154
163963
145367
532420
141686
424037
45105
153745
841024
62118
865608
868828
939776
224176
446846
509203
842892
968238
239802
737806
966262
363659
507222
421899
750807
888368
649301
934555
521122
850188
432496
815805
812470
99891
983458
285659
990355
540766
550064
665331
679460
924648
15804
163157
766343
258425
791218
420208
379026
424578
754058
971976
441077
982389
361768
506371
567714
790927
773558
411043
234320
850574
420527
572789
251151
926695
428438
675472
542308
777497
970921
997258
103839
706559
704677
79565
634761
160457
429067
401658
185250
524449
580308
863206
683714
144723
377117
652409
315961
443305
882968
671438
127537
36053
738741
296389
155506
673815
213945
6837
290082
776106
415598
460093
901685
593750
495235
269596
218310
105789
967322
387128
803220
595242
6995
22011
229509
717621
594078
412098
787053
679269
856421
670331
911293
211252
700999
624363
919690
29910
560379
994049
825410
706372
770180
521883
180650
935369
915386
978716
318828
56831
687556
685080
899059
595310
417915
727234
548189
631694
676388
205476
427387
222608
611807
903997
61436
341579
375711
114629
996082
379411
937770
10720
184791
862676
99328
866108
377639
283835
903634
449942
254420
280223
684965
849693
158100
789156
769825
374538
833746
474528
81381
661908
199745
884136
652772
619650
182155
607955
294391
139634
514880
153130
358359
532056
114154
291965
58857
992731
112912
489087
985868
927489
7787
629929
575974
158077
699963
68657
925809
870989
407821
320394
199538
414717
966269
765782
387841
31248
972739
518706
980929
17015
443449
185707
213022
231880
279217
353737
801725
344554
597004
6049
490308
402310
168139
234451
101246
520155
431601
860545
634162
579043
95650
857064
982045
710821
814639
923317
609497
440905
554179
568313
874513
530634
722259
807730
735355
648724
603988
735726
376908
414718
586802
529773
344792
719867
156531
289080
886812
122664
961938
342122
579001
949084
669055
569918
256759
894752
484002
606532
941058
928081
13792
766950
584200
818362
673296
326092
976579
737491
59646
543985
657956
486894
255916
799426
279754
175981
289042
574928
299526
379174
299910
15500
429093
991052
726924
252587
942062
9794
772607
410850
719772
160766
517787
524871
205790
173800
616573
279958
745162
614817
314945
848333
738013
242252
501744
339624
136673
162489
955492
103921
850180
230145
317455
466885
945945
870125
330506
721771
253834
381014
242110
44851
433897
894306
23535
744807
778823
887454
364278
494954
120405
588355
561515
201465
196946
604458
531036
846087
288036
563851
589067
283375
615451
455586
981066
245585
834356
403884
485489
421427
814266
518687
834447
896773
182391
637096
146754
343094
639918
278084
667254
861285
913809
718297
908723
393515
890780
973108
134966
450459
379294
993986
522364
232358
312809
185306
478799
62590
540347
110578
707772
652899
38751
109083
431366
202219
808396
485706
506818
920101
32983
320763
2723
310185
598964
833499
981320
522010
102570
584852
510513
396228
738033
318843
351377
859694
463724
627895
184011
474633
877155
914105
119273
961078
833038
672274
768412
360454
880527
336461
862852
174331
383326
182602
78851
315667
683974
183821
990059
857760
789362
971507
587425
250083
638366
592510
861510
729791
365786
471710
551391
141661
56798
463618
471563
759955
713904
752291
498641
301582
519702
270112
152216
360711
932182
11567
920607
977917
490905
643303
534458
891488
870521
312386
829862
885119
125607
115369
627459
101730
346196
526426
954050
332093
253264
367989
463581
754815
17860
380912
856923
132962
758015
133669
337458
115510
103883
927826
608105
285943
242764
754133
429859
981398
211206
412796
988648
195796
56032
877873
32131
552931
985786
289299
423145
460500
134965
34190
452153
591418
636612
433304
843662
809251
252858
690269
984852
418318
799886
352467
11611
768459
87443
712403
805855
179832
167061
857997
573527
300536
96644
182372
156067
738959
699484
241001
25403
21858
473829
780457
377148
985325
36668
333161
726951
982365
697395
514993
786345
113896
593839
38401
740188
206639
116284
690352
228058
248626
941323
959308
690732
420103
220158
129747
998353
851008
560989
592683
570085
883900
470516
182634
167010
505422
705439
186033
555946
416230
348831
947687
259313
329694
839919
56661
334293
66929
162505
530357
413378
956406
191522
140941
78044
644759
87119
426082
521809
745106
934133
537068
591517
71035
877139
39749
144554
800239
432351
465371
738837
594809
985031
925767
991984
235011
572629
749116
741465
634588
131250
29683
472054
535571
928334
540782
859121
885197
328787
186448
188575
388608
319901
166193
444771
734285
463000
175368
289431
823235
386052
389038
361023
138934
183604
884633
721864
343590
900059
666195
266462
571359
909474
243833
645143
76428
963981
290640
450472
492783
885485
303663
696858
273181
568252
35318
171289
956939
360511
376314
320137
136618
226381
152306
960475
887521
723271
246493
426204
529443
581685
221918
24756
314036
750467
711166
246840
782822
498447
136483
439138
264023
386431
385085
757546
227575
577624
205255
887153
224677
64690
557199
718787
326035
143420
384940
633040
121629
161206
401377
561186
604264
463315
165266
477637
977125
890367
527491
904367
8403
35450
32483
112907
187581
858920
123377
987900
736779
993309
545157
708047
423850
596566
742177
705977
551145
538604
876780
516566
409658
331968
757895
367192
355951
39112
900679
881997
612957
26963
811189
87450
401475
815713
761068
558207
464229
62417
481745
367892
455023
206780
735160
648607
625223
102311
979147
865357
778867
298937
541963
782456
429693
84769
451200
845411
697278
832534
280599
768807
910826
162246
105670
210462
828935
796363
74206
364576
192623
1153
574021
444190
533205
680844
401448
781991
205722
985920
894210
76707
177387
75970
656313
238515
220735
80443
365144
622478
51975
647084
813383
228275
120219
940627
118352
702765
588245
205205
207921
908383
528569
28852
215297
727892
365364
977466
372096
913319
606694
732572
839504
59557
908659
687567
372022
12728
820112
150525
841115
319495
649231
933748
882983
322215
164470
637486
245734
470875
122360
833191
430995
641792
73589
252450
372142
279299
870117
96858
100061
85999
108514
247496
8739
791071
301038
793067
643196
481925
962313
375185
46027
871294
706873
45283
522970
88533
132405
454732
82675
905001
580124
640092
237353
83883
781061
255817
143160
1035
64393
488204
571237
577679
926269
595497
612567
48846
971884
15569
533323
5265
367116
966363
845321
609972
163138
861804
692080
775915
750422
936827
262726
879871
743943
753658
642688
615433
184450
841339
861825
188925
871846
645376
811275
956278
245989
177979
806030
873381
895179
934345
699984
807460
224632
525074
292429
832105
58164
700369
737421
469234
983569
29629
194469
577470
606657
606374
597554
990706
22053
507260
605709
384644
411386
492947
265384
267487
578731
776979
950462
203775
37969
429667
728692
343822
538417
960086
224583
884301
777031
986495
701314
503561
428701
661417
620500
499267
433553
945901
488201
977365
968952
322798
672413
328921
252689
579033
387193
404069
647980
684152
759472
366465
747382
217139
426785
289902
906349
52411
30470
123997
680331
713808
234987
173067
937047
339033
505307
182657
345765
632511
416722
709532
166085
952574
558974
202540
690610
639206
932025
876703
125948
262765
735570
910831
89596
744352
803392
335192
342271
637480
30337
796312
227115
310143
962158
243224
781920
458183
888088
478343
4885
38014
87048
794639
877759
790427
693781
196312
482985
863618
147263
6633
124030
496747
795388
77462
798129
255962
501263
696604
617221
836255
813057
502621
183488
49651
865295
586583
40854
500477
195270
245099
764097
191442
455428
282346
141402
684803
672828
236988
914628
739704
275829
772691
779361
814003
33636
181416
566372
578116
682915
127392
46143
499731
846190
687614
834741
585946
164250
686966
723509
97546
439807
310264
187980
802632
727929
342200
329480
478429
757634
875573
522143
502942
248796
841835
510382
648332
192378
480656
124211
455988
375585
310871
605883
974522
906937
9446
736197
85568
356275
372249
56309
857478
897261
280406
721936
748036
381702
3016
321366
829680
164238
339601
376305
966213
241954
536108
720363
275444
820510
547504
798533
13982
19571
299387
850999
998513
353794
497238
571224
186421
1526
911667
296706
879736
887709
692103
169584
641908
305020
245231
813397
677281
529768
24826
47383
932579
73705
166091
659342
378791
834461
630064
75243
308486
316878
131494
73472
396838
9926
589429
763326
71928
28199
852892
978176
733667
455850
767341
414271
506506
665676
787904
378414
881342
162614
568904
83102
208124
872809
825140
482345
269988
742405
269087
304117
539973
305107
533782
895182
308458
559128
46913
882356
616247
314471
343262
549607
903886
797772
886018
418126
173754
718967
998680
18506
537183
90898
121159
897983
860357
954639
679470
760954
491455
61883
172824
971977
251597
802928
398998
292524
273643
366902
17129
267023
605638
736513
507291
431471
225214
255065
443685
223177
798340
559010
815063
394398
492689
960310
742518
557323
303195
362676
505968
137137
871341
680321
359169
448908
369216
90454
569201
723453
16940
948664
715328
660290
360829
145344
656819
698473
726308
226710
517328
718850
771886
18244
964500
529546
982971
6644
948199
9054
491146
182653
319294
706399
937895
259697
17988
471686
688621
570490
683542
547835
967416
840739
718038
401593
342524
891595
400144
945310
9445
591785
490860
902135
424767
402511
700623
612059
272263
237065
575558
908794
806092
656854
502771
605772
688150
531518
913606
956593
332971
17936
505472
170705
334911
823870
416929
324130
174879
404220
426177
17892
399420
104861
972648
906084
752251
8200
96155
349982
530838
891017
717767
382972
909923
645256
389893
726387
398642
241025
142119
233263
647225
864580
257213
326617
832529
856484
21386
82649
601056
762050
198998
170902
83135
669230
363466
131805
87831
846968
477740
539417
652985
169882
205662
121408
765765
236588
680926
848240
142632
376240
801115
977229
344372
580558
782569
560398
940775
389576
934383
832697
868319
301910
653223
971066
277294
858958
857912
424453
141070
184685
150454
901937
854106
254673
609139
25600
832664
907903
399277
879276
765452
226573
2111
739383
654697
616607
52181
163931
797000
763590
131860
537172
340001
136186
401090
874450
899850
155661
95266
311325
129180
117270
854709
374648
246473
427374
697780
584739
484648
186576
106368
533548
572858
747026
271298
814897
984256
257068
131778
452892
177571
916708
244780
32405
871626
436387
964668
103507
2127
453213
4268
129908
209370
137103
507262
337803
934795
509198
537323
780414
553783
28308
777184
329518
840951
16415
125870
580568
344575
470210
207573
735803
323734
340540
366601
737869
230362
738126
708148
461572
842931
226676
200785
376234
850570
810271
674727
524114
860926
735008
188596
181522
746644
433815
457364
781964
468227
177153
45202
119312
550923
768206
518598
781304
710089
877976
36750
142934
683470
801018
132695
887601
471777
25186
633401
553762
706716
436209
235677
162713
280261
720298
236149
90387
606301
808889
659519
539533
550300
587833
112360
810676
488671
710493
475538
417839
21917
903650
832236
417377
563519
323098
761566
852664
835877
879529
601977
940789
789277
755767
74915
573806
433546
220824
55004
120583
113107
15420
796978
713154
959075
215304
931511
52534
326341
701563
80165
632266
17470
766720
52408
379408
601369
901462
451268
439197
367466
974394
29579
722866
289026
671963
786649
53325
436972
643292
803289
87879
407619
19254
120746
71831
290202
298172
32656
333350
938919
209629
284797
227744
803421
603650
889401
250783
448222
739266
719464
803157
151615
94760
236461
303559
283578
997282
191989
113741
404820
341638
266324
729893
224172
733078
778938
597583
592898
279522
309504
125299
427327
753930
277609
313177
830495
180213
465546
609178
198945
179623
855639
690231
368998
913402
421745
558774
322317
218497
394772
700794
117662
390706
488991
104660
342528
460474
496079
21828
189348
670832
304191
897339
723398
460432
241330
537632
827750
193247
441913
608198
33274
738065
935723
204973
3905
165143
600823
955994
908840
325581
190142
64440
800157
509940
203468
690184
734708
687116
191302
971580
613763
673086
170311
817912
469696
43753
445888
197118
84075
717194
31913
145101
92893
431900
232840
370183
7283
462657
365733
16710
863433
837953
665865
928396
972078
130078
780162
949421
920769
279937
624612
383007
133140
346516
188729
493170
160514
74332
65771
738967
30252
11783
595278
639319
706971
465618
152976
627105
284532
21330
698981
257667
787585
529464
210017
833188
97231
377196
601397
269048
893552
977750
76361
672030
630128
428297
718116
653888
970976
804753
44636
19662
749169
565450
355243
370116
374811
219209
427555
893249
175201
260634
274836
396898
398236
435973
611859
911970
633104
981813
782881
933077
575257
53390
920509
743232
210114
692623
645078
11328
620354
474010
751610
701728
588417
451374
36176
248427
204085
445370
635597
599474
583228
977124
323794
102445
412501
855797
704876
107198
676554
95466
543781
125247
8681
334220
841065
779443
36551
240521
671352
759503
740931
247003
309027
815989
64031
555615
800711
598115
16478
111784
952340
537463
911136
432100
723499
369070
722493
197625
188463
821381
298957
48468
365933
267061
260927
302737
684272
240695
583137
561360
316981
595351
454278
43293
729425
523179
61919
878991
898454
399536
575424
397915
803073
65444
943367
776490
757231
674135
921779
204595
377156
170384
727325
14328
877889
322816
496267
343014
200604
130221
62051
263259
243061
502526
446849
598917
313821
905512
422750
254662
281451
937688
663866
88224
4371
685645
338146
978005
654696
377426
770614
384447
568905
923485
814532
712731
868179
538873
392943
189947
87774
484833
55456
621425
556433
983178
433879
328850
866444
327466
749087
301045
385318
826839
93705
693606
261151
701030
860922
479284
996872
10086
825234
628170
372996
632856
288478
89868
177480
348451
535289
270224
981888
777872
421125
597912
34888
723913
147219
933696
594992
593433
769788
399327
146976
253447
97537
215879
955745
895528
782538
333180
90406
355084
873767
490863
306621
521837
887264
867126
508846
281508
504329
604823
644378
727346
585815
13979
18709
370158
96605
317285
909753
763971
866562
941404
30116
310226
688030
314482
346237
435377
521954
701373
280652
793778
153037
623595
9407
373373
19663
255148
547912
256077
280605
458693
16659
703568
448479
292260
446244
99816
785748
757934
252027
462822
788640
442837
379499
270428
734104
601497
333914
300734
161515
489858
128696
133856
892847
673396
385109
809991
913106
484351
457517
138671
680034
360233
472184
423652
40234
938561
985391
222787
307777
540131
799119
848728
74475
913231
794953
137608
559182
641432
732741
778441
178912
541609
627006
363451
850333
957884
784502
334863
835865
114381
782911
427448
873384
789335
515121
111898
122090
576555
559044
976965
333270
6280
396942
275298
214966
718366
77677
910228
935126
308687
10081
471079
800018
181558
157922
62976
942545
251672
635955
350913
614671
876095
912409
584248
960196
914472
198030
549830
217793
328391
582792
718640
767805
796733
959050
523703
831026
855153
329923
833846
220181
689834
469361
6854
129591
215562
411771
722983
105132
297311
237817
486569
631736
241993
35648
499785
921194
956285
506617
238628
801653
166287
885496
887744
443934
838747
472516
239361
68132
805061
747578
222860
261657
1643
893702
240370
397764
494278
949709
671499
981344
907018
686510
340198
611026
472452
819459
611191
758967
375440
117747
16454
18767
832928
800735
276492
803618
371588
491143
337585
40018
674488
417914
929177
826843
743956
230269
370140
899504
16007
239293
167494
30607
722602
625090
170183
161081
574725
918409
208599
467550
56805
392439
441868
662436
572984
446674
508070
646736
634966
299923
191479
521848
291052
251519
594167
254553
370970
582115
423770
566104
75955
132073
171015
559196
855429
784321
255894
289478
16832
889823
201985
33052
641721
919021
316024
947559
757565
934784
380814
734438
249743
753692
156550
563226
730869
319658
936766
51698
818201
553744
535823
89243
112790
990890
781826
233101
370236
953843
31234
397994
248192
885557
453535
46686
692466
730369
83209
427311
559313
500497
615578
275973
53999
925587
642385
987881
509287
184052
366599
671127
484937
931642
379180
338351
684013
216079
496001
107288
879347
468054
733471
898900
175273
922801
957580
728366
748710
576705
401355
856934
500613
780543
208011
692703
241135
467126
49872
203969
979009
649882
452715
732717
878788
551082
723662
753626
235209
225428
465142
117513
855827
269948
59122
992389
511041
816591
24796
686971
391127
860421
834491
736370
626809
506715
637132
360871
877772
290119
797840
348536
602015
28636
449285
274620
485705
950371
2163
578902
987131
33615
737636
183776
201146
940321
318864
942072
313137
715414
136980
759764
426548
294400
998879
485814
873211
779683
404929
754824
700015
894002
330771
618197
479232
918925
53587
35409
79458
188489
502288
808891
777577
644358
83285
125927
698267
307171
752933
799284
317479
939118
636259
972707
387690
766605
949989
762636
354145
88754
380026
624453
531470
532829
301888
245856
403061
165964
104918
382280
337963
130006
711630
703286
833466
282701
926438
78113
997213
655539
553041
647050
161741
344864
847312
932888
945138
182887
379464
514975
405453
126720
972775
700509
630395
109971
721038
190266
958362
433519
638466
846322
980767
947594
472886
88797
541357
903482
641493
187946
123663
843350
542132
697774
419186
91423
501896
219387
338961
821067
281102
928005
876296
969575
60570
318436
388134
160806
355155
23379
587290
944621
112155
510522
294428
435107
730575
394339
555007
917253
770221
609485
510050
447042
170438
123338
712314
73017
496492
928867
181671
620164
496311
634693
476656
565407
330503
730854
477609
242529
151628
899613
33173
874043
117920
480416
461307
841463
114562
678027
501347
939873
767113
321117
152734
12706
570150
402617
781447
226421
925588
157310
624539
227272
882152
155095
486503
77478
219838
555491
476335
490624
402026
665674
890390
434848
571600
781796
971164
529484
660368
386098
823167
426878
463476
609549
591554
941615
176108
998256
143215
167411
95998
747740
119838
266689
937873
233848
316969
770390
664860
545974
979794
141627
918609
275074
568156
197112
941390
148457
720652
734827
671981
215945
765492
613071
515319
518434
318909
815490
289537
774134
230724
806504
280308
323411
279110
246101
217866
430629
451460
375404
253214
304378
200722
453741
452544
339712
732924
981999
588612
347462
626798
293663
63974
663238
139613
587365
129404
676973
916903
781636
145300
465069
752996
378445
686889
438206
926504
718125
927356
509611
92365
308619
973681
501587
329723
44090
629730
822122
722189
180026
836206
624455
23048
945185
691640
724211
186780
714445
526825
567655
78011
238166
29547
282690
265882
781824
540912
498750
987274
754900
991689
382647
801541
853483
398011
551508
731698
199810
725778
545228
397795
617385
465168
563236
898548
366772
260903
383355
230410
561663
757818
54807
510205
452694
261529
584545
185996
931192
603513
295719
687210
523886
635993
80207
588398
414872
107863
838493
224491
343792
165326
536374
146443
790812
679417
494901
792408
8436
700498
473991
357026
133026
950347
82464
331383
486933
311619
294054
706983
914362
758639
61282
882731
610299
783093
394263
323842
994717
242691
368399
713008
973199
106766
396297
456967
537364
375232
522887
988139
774329
59514
282711
691662
116346
641596
671660
846840
190783
910755
334290
759952
886689
820318
657911
694715
975173
951076
408251
206029
456607
274452
792615
754083
904694
85308
318359
191066
156302
166909
345046
556957
557615
861198
904490
629450
430376
19427
696986
266833
710249
966014
989788
832302
823695
651976
190863
319879
159454
325885
507312
642753
208651
752096
24004
134742
469776
802819
972346
559227
239823
555010
107327
784024
715753
540215
551640
982925
39571
39954
823073
97525
438197
526168
785762
525089
2790
818796
478138
288417
345637
234708
188355
42232
664087
560866
174028
610312
728953
311905
774912
906660
647354
222841
830267
37039
241625
803260
499701
248709
518467
724748
29926
24916
50959
169783
400201
235749
154798
448560
13477
976510
292108
9999
9828
494451
473114
120542
52942
194926
949124
685037
719205
553669
972515
513625
815960
827585
45058
811320
641680
596548
765526
779273
260921
738657
374997
177591
493176
75607
429150
311994
179063
46631
884934
831231
800926
532111
150260
160437
73582
49285
740475
141796
96320
766554
762451
81939
697749
374929
701306
973037
151666
331312
536804
979308
219906
209922
901817
873078
157928
114693
484151
988686
759008
274274
28800
992877
306251
690153
107525
88914
562789
316925
862724
16496
205272
229634
690679
137259
922085
60877
826372
977800
901091
162718
166111
398215
168435
754209
887858
497142
468098
438115
609332
951231
373935
39610
155788
55921
917595
957714
383101
360100
562974
345680
817930
148508
245232
138333
109471
369181
425403
227180
364015
954806
55836
919554
741031
447805
575306
707343
962085
893530
702522
342621
788728
200196
37616
218344
815742
701636
99656
881116
591456
44308
443380
842788
734302
31126
686159
164027
796238
755772
702408
489888
704616
712920
457751
367750
140493
581046
327752
122870
258861
131945
585317
947289
299295
221833
914791
509367
970198
545336
664202
866949
585708
359934
141160
107908
549070
542303
507386
580696
871607
696289
85269
492424
129366
635229
97560
636930
235663
461569
308354
725889
565735
299128
547727
190096
57030
243889
627305
82941
343854
202632
561080
115099
31760
146430
296391
858730
420759
970692
245597
598086
57592
745769
953607
321671
781444
124550
287552
523019
405052
548846
287087
419232
818193
662630
457211
596985
46525
965804
780708
121978
476130
851595
574074
275055
788392
820055
920359
366121
997219
55676
835739
182590
59086
5525
574934
780218
779540
760869
176256
730216
106632
813074
283290
57647
722868
865771
697759
910327
138062
572285
35857
372926
735256
715566
673230
187944
229456
284194
229313
568829
434675
397602
715093
703836
606831
38880
863345
349559
965558
478992
309290
329113
761829
871933
180595
94338
575990
463742
600983
280019
615993
148890
135876
451192
557340
217284
71171
265180
319566
188513
73184
305962
632730
286200
594624
710914
765165
704132
471198
999415
205909
922268
881280
120841
906297
266961
843035
67243
855773
380893
316139
439742
119334
644517
549143
298727
226635
360112
677644
765722
980513
712631
664982
643638
145488
507547
461767
727609
502993
166817
739202
692891
604224
980709
922802
160276
345883
224013
184211
570400
700454
894987
740133
667931
132659
71999
187627
947753
276802
84445
248895
985204
941807
663563
605742
473777
423404
934176
12079
124388
464722
120795
582658
304384
932723
243104
711455
981405
186689
105533
909276
611502
801037
462225
855674
916965
614261
600474
438581
266236
356825
693125
810592
474685
849812
628270
77165
508003
228051
973591
763939
228575
545948
138795
969744
419391
168174
491299
329577
651364
146709
549928
398918
461798
822357
402932
355393
307696
571673
647729
611064
596425
223436
141995
79757
537205
684548
658555
370148
484492
730422
45447
104844
593172
329607
943290
364896
333090
789324
484748
343134
494404
438715
337126
64763
864980
971528
451397
102525
740282
40293
969490
874261
456197
48599
401238
923948
466422
761368
530521
161151
621745
634971
347480
569270
112684
58936
301500
685884
482137
301862
686991
900573
852619
439994
332056
921340
716477
42272
541205
580824
586703
380046
75073
872705
337134
62217
92343
60045
646964
426025
272746
533316
489885
205852
799546
933410
380260
325958
436584
681608
142015
12715
968972
548378
653306
19208
23100
13250
624921
417026
251212
78060
361901
200673
924223
1822
213731
650020
532252
693408
167547
287778
217649
708106
217578
527601
527833
787111
478415
70053
750595
262435
494974
682374
781431
405140
774909
888868
513364
21351
291787
13640
877430
317563
763722
849932
149389
413562
807726
971906
279654
470694
701522
231361
749099
534633
558745
825480
52400
230770
820293
622255
711783
837600
544463
941099
127544
472166
870811
867594
819269
387023
570054
433494
96810
241268
212886
903629
739571
902038
809138
232152
931076
425739
671511
767257
147049
928686
520860
121481
462035
739660
744002
956814
138618
438317
474784
720639
923961
800655
354097
213285
123850
895817
238656
680500
928704
545065
653036
476666
176594
129382
887194
752711
239202
730233
615243
489130
849687
950940
152029
7592
867718
345662
629510
62247
973929
398184
349270
748715
495959
827673
600209
139053
275222
552066
502766
729715
340845
249356
85592
436585
406483
375073
633832
452259
883141
692013
131619
69615
992034
854613
970109
704169
955512
128763
813336
321660
376998
174466
328279
926342
768366
790552
130025
918979
322745
857429
172337
289874
559925
597526
18054
819599
267855
889318
623024
53416
84421
41478
140546
562588
446871
176051
74392
368785
346229
802577
260688
561873
226394
218615
396936
968107
71402
234609
91228
415512
89840
309917
33046
912499
203077
895068
894792
276105
405238
146264
608350
728658
71484
948376
670632
989032
865937
383333
868277
749961
70344
459732
166257
564825
281332
642925
610734
106096
361815
868974
592058
638867
45169
235391
327401
604148
207253
430736
878866
158205
318501
111618
519225
655499
601650
957221
908297
170367
683498
665349
341292
893136
376861
960003
169288
294646
15243
34339
412444
366142
552104
749114
187911
676807
551099
624089
364902
879060
574673
748810
592003
121145
548454
625324
108484
603656
595902
339617
46455
257278
442667
823016
203804
345992
982542
743698
997452
189427
64486
426367
219537
494096
629623
186444
988079
431884
740583
312584
432608
99974
286406
768914
110461
231516
338690
800854
946473
226050
547557
824281
769117
584854
651132
937016
71732
30378
405827
930771
18015
969545
772395
469032
379734
476591
653972
845923
12752
870672
903153
238356
1875
783252
907819
69048
305899
176909
16101
630947
303411
647408
212060
19591
1946
483438
567554
125147
980210
382230
608687
533599
213845
16270
906839
723223
756355
940729
486318
680484
634401
885974
680662
331063
596055
296584
712072
793769
281084
701624
486750
156946
927568
831124
690581
986518
102802
79938
303202
386338
137683
219436
389192
700194
234160
130173
762760
581017
679054
574942
54152
593508
786700
68231
362680
614853
216333
216890
766883
313332
661133
43578
926908
944568
733210
362311
538411
502978
204283
453706
895475
556821
949571
733315
115098
36132
478816
178923
768925
981229
604485
813418
755778
819916
374824
422373
215975
187186
225187
874064
153486
581226
431254
111574
774056
311199
330391
539501
356450
753038
839415
805651
767815
821243
509559
925174
368286
962116
670540
371140
424941
528573
701037
294041
787083
466285
535043
547212
942632
233257
485725
726135
739081
473051
764558
628648
183873
6994
345820
222518
846069
715237
101999
960833
994334
447765
2603
447170
892534
615086
698012
973317
803468
121387
679032
241102
932819
225081
301816
566395
141688
354924
646639
598980
273144
390353
781939
728823
398083
829825
494349
286050
679728
763780
664517
723143
949232
123783
59151
393495
15763
828176
690247
721890
724779
471195
496226
613704
383512
8451
827541
94252
805113
262163
7760
826724
104158
44596
4946
243653
95493
26177
932116
70777
19112
518142
731018
394078
788027
425410
542472
992491
227068
868416
676133
872019
509607
140589
946147
563458
259322
344061
284073
458712
938697
249059
767575
331493
136426
678598
206431
416909
595009
502745
974704
525077
328034
659415
528178
560173
245659
965647
693972
67301
485647
762339
201912
700316
210876
91576
417170
933100
645487
952617
171109
933102
786657
908141
796133
706747
401299
172335
301048
414895
66643
391943
76293
822703
823800
919883
1142
76498
179910
573927
725454
749173
97648
503788
563501
582278
232245
573148
549026
401872
812870
726521
224855
267255
501140
390268
487118
251323
517935
531285
633193
891562
717912
924595
397111
54989
35074
131083
465046
127243
706537
905964
223009
146699
300172
337823
897598
654317
59311
993340
225791
491765
360500
973381
649043
327043
190069
98883
551126
776306
508811
823923
921627
263257
41293
863369
5662
571620
343812
483785
542005
259392
144889
224827
834810
470228
900683
553879
679365
542346
595329
352036
842947
781973
59615
117047
398764
946634
965581
604571
99099
325103
605270
754936
389481
526923
555778
573635
104143
980877
525160
889491
158024
156309
558975
8231
227469
396886
964874
190830
154462
387096
205733
479590
638826
487977
613484
891249
751036
968567
723687
586577
122372
470012
667561
397104
699235
428577
813375
863023
176522
355152
838074
260166
204988
694246
508114
814465
860323
24384
834276
976513
256975
928015
56298
194963
656592
711107
394101
189057
192516
15881
545524
270888
122267
787595
172200
234144
9246
314303
733854
66005
383951
762949
881008
374164
187451
720674
431316
247174
608994
570907
816259
237048
656884
487109
941415
660483
513258
162715
896690
482253
546136
98704
414090
554442
128471
880580
56088
324617
730251
32572
51312
119773
772097
311188
337334
692748
277306
238141
914138
308991
995834
985871
961981
195157
86689
849135
45217
737914
603665
26268
98584
640482
850320
435447
974895
307051
742740
775880
112381
310468
803162
409906
410673
428578
968078
25448
414748
798284
414621
850789
820468
732677
175876
673738
560654
478445
154533
557155
237359
797716
11740
909503
400648
647448
927306
753978
350766
666264
40621
329348
724596
327861
412831
93512
714797
568202
898476
662041
219753
289700
497093
911897
474948
718703
233420
356101
620439
335314
249772
195287
523823
753318
513965
9420
544165
210104
581454
607996
209676
664763
723203
35586
690856
218073
674037
37720
664629
940245
628416
940977
847520
571160
848689
95142
770288
343454
531605
358222
891340
828385
63710
482099
866255
256169
158386
291623
10686
114807
745284
143691
101627
272507
414147
988382
862901
2781
525277
375278
886017
873852
91912
124190
16180
45759
809247
645889
891652
375959
765747
552398
21582
925896
187621
429059
843597
298772
408017
410871
484033
955436
952411
167025
655252
897235
751593
921696
2281
533891
819483
509357
501528
245417
757707
930187
828829
873068
40141
820030
850826
332318
70845
209495
835776
991692
853740
555535
73831
137066
827500
838451
236797
950941
195190
329216
895117
129327
431509
468321
904357
314705
444917
367221
825803
661710
785358
593809
312627
74996
55090
663529
325359
915260
745603
698465
944079
385967
67918
219002
748580
688010
480521
822407
590171
735966
955655
137530
225492
798183
88601
766327
225418
432664
204855
538026
560086
822442
237016
631561
629607
23361
919171
816373
346816
315557
547991
299324
265140
92468
679398
462393
397531
696572
981368
110575
156773
459271
428632
483926
515648
706764
950699
495340
650404
34036
31948
393511
475832
608266
845441
742393
701794
761344
787246
410544
960429
613338
600720
928870
926646
239047
316820
298578
298867
989143
408516
526462
65039
33309
268359
591703
945480
640650
584223
515195
228059
179530
976779
247322
860360
44409
582007
480593
180561
124509
673503
679332
600782
937158
395146
113225
596079
27408
214121
295156
137617
726038
6782
674334
306587
511373
826465
833132
297892
906742
839679
828527
381052
866098
858116
975685
970594
601634
652030
695654
144812
346172
95346
74611
495159
328684
868094
961444
226104
910367
618239
119489
24297
452827
756824
86652
45643
130056
561516
865863
796797
372218
242095
862649
642371
968070
346037
364212
103005
350015
854071
96267
759801
579586
90565
998437
674630
410219
505474
706144
171537
871751
794408
841665
197155
348693
924360
766477
921815
257064
837381
210700
394313
586440
850374
849313
314487
222749
17364
993183
876559
197498
525101
554060
646693
26245
170082
45844
202032
852908
389359
22733
870239
716081
554605
238946
332723
772331
417101
895028
955345
265498
717905
841787
55499
120347
974217
952289
645548
307781
881037
516235
91151
803892
522141
930096
63563
160601
198639
390723
150283
849069
732773
304340
155961
112358
323987
544421
32442
552128
146461
26399
870282
831012
191797
225106
227530
855838
923015
107603
349832
942800
416961
251140
491213
858880
224789
800683
783509
8496
614183
61165
537195
699494
195185
778914
581557
864770
160407
547730
58041
801150
92005
362932
231719
929009
104712
799131
798911
395104
10025
927121
61180
230240
528339
815078
841729
335171
860264
597809
104484
365456
514943
233298
434349
384651
324013
343310
200372
891606
535631
233534
465743
751693
319446
669169
110574
241284
557125
420444
139777
114840
202829
329217
763212
260940
857302
263010
432939
668852
614914
132511
395381
324892
85342
168244
155298
63296
810994
504062
177251
653410
743841
396719
672441
790473
176336
213139
45676
944486
599347
334747
73763
281094
927992
482454
539985
494906
793001
300311
283137
770703
466044
251860
37937
584977
391179
531460
120288
548249
932553
370299
161929
307945
302150
322170
785684
399539
750011
297771
124283
139187
430493
980023
875822
781209
68693
234105
100436
400098
358742
502514
220874
894578
249491
693831
898549
186208
813623
26597
982035
718261
337904
551195
356066
648653
102167
334993
879995
669404
211482
467092
999252
327815
982072
379135
826624
783584
99838
824766
240540
406311
671727
265301
814357
575289
810483
745077
269993
335303
519990
771346
543004
407886
165863
372118
518618
285612
593258
943159
414510
487388
279239
920590
110226
794456
900252
49653
12892
260306
50035
552426
937251
548664
664748
461936
481256
928884
730493
625322
216898
802629
999853
375167
135583
776277
718451
702458
879902
578230
441974
891168
628111
573513
785680
523632
924832
239684
989734
903408
199631
289849
713127
883346
727
899163
200564
742513
302054
938635
571622
552254
241866
867653
557673
552730
775646
620382
18154
92427
84273
381049
862264
921221
510452
166803
872766
127400
755933
368652
654221
316661
117757
949053
854469
124222
426619
395072
793228
15175
738951
602010
438823
705835
517747
459097
54741
915089
591670
275909
750384
453509
509356
818315
17951
729518
487023
301985
616383
431775
315002
230370
718287
824355
69013
874460
550505
143886
677278
567788
506463
225310
183625
312859
358257
999026
165085
4452
238786
462585
269255
691162
980319
696643
387758
387452
616266
240330
621516
965797
923355
163938
453292
602942
395149
237610
566505
900666
388872
407859
294394
551207
196607
762796
801495
931829
725654
436276
583475
659588
791078
944667
415975
81986
309307
140831
585230
958741
862409
165679
833173
111666
696783
87024
433629
407312
773611
734690
824960
47891
789544
877486
27850
924524
752065
811580
690364
81640
55677
312314
308545
344852
707077
231600
241086
449272
179422
564553
171111
584656
134344
408372
806856
86175
475246
135030
291374
390672
808753
795586
716478
774226
433438
84728
474592
123552
598627
329879
683789
222425
344501
2587
515548
516689
226435
736789
727300
707486
919813
332418
648586
842987
744233
774675
985243
949513
565801
374203
634773
780295
871207
5473
473276
424946
578099
20097
831547
593250
924244
222004
174357
297915
25607
115539
317433
740533
825274
301523
367203
364019
278082
476926
941547
877335
743440
707476
300863
871131
30038
666054
711610
264741
596773
810343
409535
497828
75345
841262
10568
50809
940814
388180
464174
803115
124271
277360
119725
260163
134232
516889
381666
441429
86458
435230
472512
976759
392971
523354
97669
824083
388048
449525
12718
677104
478808
787041
609343
109479
869270
38960
154882
494077
96687
245155
663064
794328
705338
463998
17109
246274
730916
277707
569317
966356
680023
262796
789210
260806
969523
730486
878412
835937
433845
399830
952620
802673
511317
733561
245224
286539
261938
633372
412601
449577
799311
276323
816691
405777
650701
297123
626628
570776
16434
329850
140914
273616
926794
774437
727659
618813
235803
546955
712333
255497
432066
825241
947088
542934
547362
600484
364572
648659
141945
380060
86076
356609
982184
345102
911794
409539
805873
654380
134462
535262
360174
895443
619021
951806
850782
809612
552129
265688
443630
911678
922578
919800
156707
791268
481969
292130
186579
235361
14633
11104
546495
973017
486502
52272
115372
377437
425482
519251
692603
967273
417863
238540
691820
248641
194431
521612
453989
354312
616294
50836
159546
956310
829193
513534
553424
855553
871956
954799
16148
429872
63143
782759
928654
170233
343192
159230
218891
117835
709271
656084
747923
414593
735896
320396
47726
66460
160412
656716
488173
777278
52676
85122
628712
628635
749494
851018
299097
134972
265193
124262
426317
382459
451685
871844
164539
725740
90314
182577
142324
230780
954994
566415
203569
722037
520551
678845
184349
894601
953926
935719
96389
113983
22102
398614
944793
47191
127677
856062
11085
852110
185720
803554
918597
579868
60246
944272
716101
855610
996848
438382
944376
626415
737011
826704
904212
550794
647107
412638
661645
932312
976484
314504
97467
782260
468740
935131
742862
635666
253865
561537
592875
996650
157576
724254
63414
814051
716646
580973
57113
961995
31475
489261
566807
718102
63186
831494
409377
33329
829005
7286
20682
162676
375128
136970
586721
249141
603503
880590
813803
922563
411194
693082
6196
517042
434248
580987
145279
899485
215960
268205
836723
905590
983691
458135
253859
262891
320232
583181
141485
179367
488695
260503
165539
490620
576374
952883
331064
946308
498069
372748
425291
688466
787844
772142
199516
960362
476901
176046
937947
535889
522158
472622
977688
486127
488620
42172
471053
738353
883439
138774
387107
319182
483128
493894
461262
63029
299342
244967
989827
115041
955954
781276
293029
12676
220725
528161
422610
797351
407305
513539
743532
154348
908955
525736
357009
372194
688239
5786
758429
905941
421550
364883
319387
58092
962310
6698
519072
564880
487352
504090
35028
768124
319477
877323
927611
748343
565198
905534
614271
85756
429190
562472
788508
777259
744867
762237
262150
484290
845862
140067
456124
273937
731581
746301
556319
273880
41115
374466
831891
805939
922894
883232
185574
865454
508612
135620
41506
223017
203950
961273
734355
194293
549144
206726
364786
983500
784054
966033
226434
208575
667790
920802
875896
949781
523715
764293
12435
30192
182786
577024
384658
603605
139855
817696
730742
886115
515526
79744
771164
289754
600622
274352
446625
738258
274918
76732
6229
234379
393867
478715
29707
574757
729885
561762
334208
443828
993685
530504
523428
800663
68577
995560
411591
855215
219812
732941
684214
614195
914365
567627
680436
690201
617415
916751
141083
911399
202426
758575
713163
382253
848509
43052
391498
295024
9176
121850
326998
734830
942156
110518
941391
536411
463357
679422
151614
763899
375681
569324
256134
685042
236757
268183
495086
529751
449289
524487
354667
165047
335537
132647
551460
221398
869507
472991
166578
695060
670211
515359
423149
640481
381602
907189
913257
940290
512627
222875
18270
596211
680452
608435
83411
923775
633263
989264
145978
571868
251968
495426
517296
280013
175008
671830
960386
944870
685681
873379
297783
679333
899168
687207
81031
870368
1925
530674
122580
581776
122883
284959
743917
859655
537450
157305
294454
596477
539186
479563
459399
706067
791735
471973
568700
823129
111452
857276
376960
294708
912404
565869
76558
883605
84404
795649
112024
224466
229403
73477
795341
316631
136099
53250
920853
510125
219478
126034
929138
966522
686848
195601
534249
300198
17589
333138
61766
95187
640515
541361
259530
360611
420629
316850
31579
204886
504700
241123
792571
253045
470939
719912
345462
749047
87624
427441
854818
330658
17110
531498
889154
812285
597979
873880
617222
949220
823551
271740
528323
726907
147552
739254
811419
525848
338943
798244
539865
184634
97279
72495
616917
686764
431932
376147
814664
492045
675300
398514
864460
505966
158048
247525
307425
338328
258165
66444
398531
873039
338670
7114
757024
508408
346747
141223
722152
270512
857875
877659
143196
375231
377527
39804
174932
12241
914474
589871
120822
880635
942881
151021
324044
859487
91608
451658
48694
594744
816735
746603
273819
782761
255870
599454
408866
803018
92776
635887
413016
704952
590160
376192
939362
725787
137209
696084
968357
99682
288414
679494
53484
529909
594159
869518
70851
702169
751302
31188
830734
192690
795410
525193
168419
292503
645940
658957
675387
297081
427026
864954
693577
465421
337998
911062
705651
321217
171293
733643
971185
858455
658883
584359
880197
385223
120065
781190
965451
915472
878956
652166
431420
449951
361693
572974
582608
702195
896858
796073
624189
475814
580920
941224
928076
837403
45248
163352
723033
100287
894502
64282
777908
581792
371406
67974
182196
381598
404566
795562
87644
43240
255896
613556
425500
107422
833024
836296
672997
724740
819445
480377
927680
409734
360385
77963
668962
445389
392653
606812
311278
262837
822005
336254
343433
936366
865369
262995
541001
636971
319688
651777
587287
991552
20868
853452
722036
182709
705435
557417
672445
288956
722268
698383
943289
927417
822998
855572
336452
910202
790359
508983
927007
125884
827781
414575
13110
568920
913364
911903
547508
325065
395568
652264
573775
157475
854142
440633
312388
996165
541010
803893
923095
365558
300426
284616
798803
499195
494279
180789
936262
399840
912828
272423
45170
543232
688769
132734
117519
499284
757877
137536
842772
525808
132601
828931
912309
696616
975109
925418
69178
117330
232228
885039
303944
444727
466824
13227
100023
846102
48313
663498
414389
595657
444161
457201
134469
76425
898414
637310
725288
493668
89429
179978
92015
841744
55011
12821
47312
448313
949837
852828
999306
129700
818701
874566
203705
903073
361285
679193
653627
447081
254128
650783
286120
2760
635980
526535
970184
600430
2734
229832
213577
768538
828005
256252
226466
406386
557460
342595
863323
421120
476458
407861
615941
183887
594121
622103
169644
304074
713927
322650
251456
533167
134898
223169
743126
646480
507980
706564
920785
193126
996826
613062
674828
422056
707123
853382
121280
220107
784877
793216
981328
767700
182783
445987
231648
492653
881432
642130
826276
742851
933034
386493
120440
317272
59348
68263
249636
250447
175114
504218
943899
186806
696468
147065
488537
625606
493339
533087
413343
456802
824437
913056
699531
434577
375866
852310
913250
547978
352852
61803
124971
691010
135503
687094
192928
926387
100130
928156
908871
779905
232301
702981
85867
847191
261522
665586
381926
647023
615320
137518
506754
808612
258514
292455
459261
739450
364964
589707
13706
899243
929051
252989
588362
22034
849662
352007
916133
634252
375096
248502
732147
21478
301826
279971
499803
212931
321151
549627
205243
929303
765927
297426
714385
379229
627665
241804
409801
363944
374432
513146
154548
409598
834788
580602
632074
533608
43481
610436
534122
658300
404488
405050
393222
402802
151253
972071
264810
112226
816460
249294
478279
736359
572410
838898
425042
441670
374833
316014
222788
766525
550218
665133
239992
320849
360158
135414
197780
263253
755857
175531
674552
203111
391770
221101
998141
74771
349242
957062
647322
227659
368159
510151
429243
458173
645187
516714
508796
552208
702148
352846
781233
514080
487590
612992
850424
323250
576979
540988
455804
103241
431351
648319
249507
606117
4429
695989
794189
706449
763576
267362
687323
477746
782873
981457
65866
611214
867211
720834
884464
999440
529045
696512
582783
960253
250804
66757
400041
668955
685712
892290
860349
106460
923824
559532
611561
822700
26492
749381
774000
779303
354780
442712
935732
489689
78961
30234
471943
585925
219707
654559
828856
589643
30778
990248
437682
497073
595050
258435
470357
363145
321043
368048
821829
776104
404006
771176
120897
456169
171290
375998
808648
6136
670696
101529
217394
80627
718022
65697
608880
562487
983306
272986
824856
862583
580376
791280
341911
80436
587541
388754
810732
424336
427461
929730
592408
246268
494928
537309
460417
688554
143807
642634
936458
120681
106763
416212
147420
274207
87704
223910
458327
118460
355100
416687
421523
903117
420447
114418
80409
973401
48483
444058
511978
255705
865042
167309
654961
160579
203849
120936
102189
911917
649657
871122
982118
808111
534406
944936
131175
950147
896970
369796
859453
908873
808360
731248
588075
894672
586412
445715
256786
599705
390726
906677
899857
286438
915298
934318
320192
250211
19839
166911
419664
240883
782663
268138
537669
135953
749462
766863
677754
835585
696796
700432
256141
429567
876835
442643
465802
299814
585810
161823
930894
92239
84436
87032
161144
903075
914414
876089
868437
426461
90083
4370
120456
671185
68895
955673
380309
790717
105812
678453
307647
825955
223638
93232
322586
958454
712619
865794
206789
793315
897604
659929
347416
462402
617372
62008
593989
874445
271420
319598
129854
912425
272480
404424
745257
241485
503925
801310
366123
261537
960067
58824
49809
244345
574996
504666
508062
560670
956020
320263
349751
38011
704780
697710
855376
596677
714583
724937
523185
138548
821247
617734
527770
630961
50261
482810
300950
620032
683801
461227
157704
812090
887037
543189
660047
222650
880707
314330
559261
550366
83628
807338
392013
39053
54823
91935
353422
86772
