26.755606007604143 35.45411470669855
19.912288273318218 30.213814305931205
25.88681106648434 28.416269412175822
19.22157452784672 26.516012599295568
19.750671375801403 29.36309508294892
24.527083359329907 33.372475516243895
24.096832003076926 24.382987300585672
23.914522806328648 33.72512199565296
21.802973119935896 21.330904644809706
17.18627170154414 31.359235038049793
16.667200953242613 29.87511912750347
21.7985046042592 27.510639222825947
25.832528103864885 34.55588577163872
14.30546231864096 23.49274456548502
18.023290126089893 22.808349392079087
19.60162876009526 26.10091373703547
18.906483582479247 38.620181171366724
12.934424982289375 28.27207817631369
16.000199276104762 31.71375345551538
19.241247016088252 36.53533773538205
23.72365765232782 23.29977511189215
20.574013045911506 29.47193171561297
17.858966830655785 30.48269711275829
16.019745376993463 33.78555954389025
20.153073256420353 29.791943618696457
20.3858469502031 31.590423389151603
16.139601584665012 36.054484132659944
17.60780672708883 22.44689229835018
22.48136145085709 30.15847950081577
27.327553239610143 34.37168140222483
13.536010453610047 30.46470250357367
17.512416925307903 23.646116507874048
14.196538374546417 30.33506445541577
25.950993859098922 33.93875834388135
19.286692333466316 28.137556896504698
17.598118061590895 28.64881684517811
15.820793719969588 29.17765604711434
19.902210435017636 26.171714448249556
19.130954314868973 27.152542702075937
19.978496011290424 32.43815301433668
20.3833013259978 31.016004595483025
18.95121035173122 29.759582649615673
22.718389592273248 36.29808947934756
18.062128575365684 30.193032753678423
26.450949590202768 29.044936277941023
19.02800961585355 34.62060451584006
20.31118298368606 30.849535474069583
20.87821339747683 31.849426124937864
19.875582223895428 29.972898395505023
22.436672048824065 29.602995780112032
18.384371194238796 25.289114584385977
20.76995184679064 29.164032601525548
23.078856181324646 26.83163166180983
14.928641057699302 30.987343135397776
21.58891475336433 33.63185677569794
20.431047687483225 29.832659557581458
21.88221602170347 26.134317378101112
23.22268490783856 31.61869848370628
25.346667076300932 31.87229936527897
18.76053391924396 29.483495120168342
22.73252327241321 29.895529695650335
20.096613471574543 28.93832282829124
21.381653252150144 24.7209524607431
17.989210198876663 29.71288718861062
16.205133886293833 31.427941563243643
27.72631923760968 29.51542475153666
18.00867240608268 28.10568244558411
19.65856130448761 24.52395604477484
22.235507337245544 38.23010383610615
18.986660798906783 28.39369805426384
20.651092753817128 31.25463126176899
20.675488347032058 30.01135742131873
16.629645100481824 27.746125897679725
20.304404090736366 32.60359904723031
18.14777670807922 23.91296631730509
18.43351825992458 26.225899440650217
21.957805148933545 21.9185681920669
17.021083964855993 25.22793988370948
12.509529693416464 33.808350640391204
17.060622318294385 26.078206816626896
23.78615427896664 22.75381787193309
20.32394217819989 30.555076583873618
19.98186966518803 27.231553052882443
18.76936087822771 34.9728520203724
19.579372015734386 28.962868130241553
25.89351669402101 27.780480547875037
15.499172957885264 30.175557234457525
20.701388829841548 30.17943222639654
18.293318440113126 33.493678312655874
21.89240144794319 31.223203895937075
24.45167528634513 22.575062451763458
24.931264761333978 28.42462604799201
15.779525523984248 22.055294748043817
22.348514007384598 30.60664124460942
13.310160665253044 31.25435071946093
25.067038752524937 27.049279396316198
18.595787039570887 29.165620519724463
14.294656376551767 30.296878733868372
19.525871936192967 30.670478852999786
18.5570527630737 27.370065289832716
16.289403300865587 36.76931777182684
18.51522227954774 36.063932021802366
23.30795744295676 22.162776348643515
15.24722501967016 31.38644819655598
18.742340181859262 32.535921173132344
12.803747513673434 34.94528875676456
24.618468119450974 29.654593333273727
14.291758623677282 28.43479321189897
21.42150474816518 33.43685643974819
20.131778950105378 26.74665357060256
20.35309361640922 24.38240722614084
18.254886648879275 29.442423224872293
12.274168789366605 33.16516175779951
24.54229170296575 34.34273962400082
13.212188199144805 24.465218731257117
21.172467829825067 31.806555977991827
15.307231019942254 28.40149074375577
20.837890270982932 29.959204592429522
12.02350406227455 31.9708451387179
20.521736418524068 29.080514763401812
19.0656911412113 25.61300825217858
19.328355459463197 34.53033139588711
27.45471553400047 29.06988947001922
17.919237108636015 29.30558592281303
23.044563909979544 28.372478205271484
23.321139811369843 26.854679115226457
18.723368455657493 37.67073385777742
13.881386033698384 33.62152651615764
11.601699508420332 29.591375720128408
18.48702798440508 37.22830077913075
17.704007903940926 28.60414774245174
11.028917485662175 30.584768414634812
18.701742193579534 29.678977982715875
17.05768642529788 29.004638671822725
15.300384329091592 31.354336533237127
21.088848327827847 32.68350573536569
14.350511974161865 27.263192804544268
20.335935706499715 27.924954960972947
19.986933683611824 29.607391676637288
22.388654039021002 24.11957591835037
18.206650209844362 27.023845168128314
27.33314366439935 29.11188174667155
24.337905552682795 31.027600884390907
16.185862505238443 27.57340495123151
25.50651202857104 24.437177450317904
16.089806577746025 29.356710307921915
19.29153714099065 25.94913282591664
17.921829424559295 26.951084287824226
18.636196665268496 30.264686076110742
15.392841819959553 37.40688216343855
16.33037145619737 24.96007550813651
24.596640331745036 23.865121775121462
14.361785965821475 35.29400893969498
19.443430172427107 27.204924468591145
24.752688066180117 25.08838764811047
20.293692905630145 30.134658278929194
24.993705944419105 27.29252820778702
19.8176255846869 21.025019454771563
23.18211832440699 32.264719250451655
23.971337646809904 25.905977718152464
18.623831329539183 26.251525240312127
27.79369632542912 32.3169970855028
18.071617709444855 36.90092309247345
22.058128146537037 32.67302857854749
15.623822297446937 28.075884884922452
23.436834638735547 36.25005792780447
20.489244323818955 29.48448470003919
20.321181120180498 35.5681378304362
25.11173311580848 36.43148399397868
19.896292071883963 34.14905330349213
22.293935759546837 30.13560490744385
25.89083279791142 25.788079485482545
23.33296712205603 35.10715259896772
17.75372770817419 33.280152760240306
16.60211375689719 25.947981949594563
19.99764319337895 33.818779718882126
22.38648712732371 37.223732829077946
16.55701319142873 30.364612665563666
18.079450460517695 29.06775560415869
25.167854646432033 29.76253944647057
22.631604193053175 29.632962655548358
19.092379618552837 35.854127687363814
18.000689263990697 25.315441919272864
26.386321273871253 32.03272401228072
14.543495378850327 30.112218277665665
18.165347142438286 37.927880478815325
14.376641786692502 25.52002018547601
17.927340329478064 27.600288263192954
17.549952752850174 24.97772549142811
16.495239080276463 24.539651424772153
14.774840683078274 24.557091864763375
15.070968746060792 23.533791732951688
17.409593851841517 31.010147344377767
19.423039804491193 24.815842749471756
19.773141752655306 30.77883335503035
23.030011938076036 36.00632722838899
18.846837463042274 29.70848782746624
11.420361048639897 28.315675808259744
23.98205788909139 22.807340573592356
21.04593965113845 27.937299386878248
21.507076871670954 25.933664656431883
16.445672963306027 35.701945221747906
21.008482901451078 29.760518852266124
21.238854081197303 29.735318900101554
18.75138420062208 22.360095017171076
28.633639709753034 28.199029123933933
15.184855161296802 35.408386414825145
27.08894254467421 30.62153810011439
15.364412528358649 31.35352354795099
17.161120073165424 24.65123366477289
22.312082684126455 25.274238238896707
26.5762691187311 35.326231374947945
22.078437488410913 30.32952214649311
12.626927843797098 27.005107821592183
21.473952488808912 38.104358563042766
20.25464683531649 29.491214262188556
17.36398021512666 37.74837116591084
22.34628282158467 32.82809174104608
17.147201803890468 38.02432703906399
23.632293028726426 32.542331132359166
25.255758229881646 36.011868341475875
18.044038369608877 26.416228325947163
26.306604386058797 27.77298909401877
19.816839507989176 26.232308624126496
18.803474735055943 30.708795321127663
19.110800921924483 30.059607171968004
23.503962598228966 28.89841442498696
19.797723841199037 30.213969962968747
23.799419660063716 28.78012964291161
26.24696295081974 34.500094619281725
14.068165377637186 28.2982098963012
14.446993914397439 36.82747247655238
21.323091259176298 33.33003884436582
20.635192216943974 29.102618474727937
17.86759244140067 26.50700175899217
15.267531500700896 26.68966823599595
20.04404334226167 29.812896834071342
21.54103887737623 31.559034829417417
24.616326155979287 32.12323912523494
21.831435147840537 36.63841667110972
21.327746114132754 28.580660662688043
21.774659110987226 32.36530057964491
28.103493043637904 30.144389503526646
24.7470670868536 36.095170331933296
19.99519109068462 31.169919299612168
19.167328139437707 28.668442102625406
20.23101070246316 30.021632413420193
20.538609792923793 37.08943134805468
21.33518456940471 32.590047662049216
19.9754708925298 29.529047193675627
19.871060320998104 25.266986261995953
20.75063803075652 25.78002721182733
23.576547541479595 32.923145048596716
24.270466071231596 28.475123944121247
20.080889799341417 29.618189208102898
12.26793837775307 28.951500826036504
24.01752476316817 29.076131019381744
19.457337973778657 30.072083779340662
18.5873961079024 26.672905142180426
23.721078311664527 27.628708433086498
20.578013910523516 30.32151458575684
25.01504367229083 32.19577393384229
18.340841861227677 28.16328225587402
17.754340392601634 34.39468884079867
11.212830974330002 28.29187391994921
16.780173440136636 27.488588242402514
19.733677837361256 29.148050322008313
15.524506694070102 23.76480542853015
18.739090530726756 23.195170434625282
18.153753660760454 30.580002498380644
18.90978349881778 31.743669227849196
16.474038780349897 32.0557624200093
19.23324188427759 30.380037702425245
15.785909497548824 34.25126890081391
21.216026713430345 29.36088421867199
20.296951881136213 29.473809021114345
20.689309880743114 30.478426472164568
22.51629421577027 23.845355807384223
15.713621201896139 27.411491388743677
17.57494107748892 34.434502514732394
19.33343498387149 30.87514029500832
20.010694659890575 24.011944870291558
18.587199771214504 22.315971251568573
12.96216493935144 24.858954838068108
17.20694859761667 28.51173856578883
18.941147150575773 28.404784529348753
21.56935588184308 31.268963665016116
14.877319753131246 35.6254155984635
13.867098380344608 26.918689716624726
24.08938745238165 23.995249882804927
23.655851006839285 22.027310311275873
16.552706049816777 25.68602153012079
20.213214218784746 29.898166538635593
19.18325440801625 37.420333416127356
19.524492256665056 28.447441122922218
18.51252720403889 32.34959980713999
20.037582734244168 29.959909204418963
15.861815407835376 32.97551919054153
19.144644565730005 29.051965771821134
19.993259950862278 29.724168450119134
18.304281235150775 30.934554713396047
17.899019816005993 32.235821542021895
21.089853927600384 23.597736461988205
24.39766639929957 32.599170699818735
20.26017501373416 30.39559036929121
17.44351528098014 25.06198102230088
18.713083729296706 27.91647340623161
15.915657559511907 31.55672651684094
20.076345557566597 27.542684092446283
19.073370373158486 30.43665314839726
18.89270667671787 27.703825990028054
17.82126495912044 26.200679009343883
19.676605014028183 30.249994731843685
25.387634279280512 30.26042196154589
20.654247234144297 32.63269913442122
19.95717477593184 31.2343705820696
22.949618863306537 30.14337112327242
23.0260555485348 36.00361773983561
19.017929326648275 26.72208739645119
22.25169181480491 26.10113611200945
26.524400911084065 33.174720579498064
27.48352781182155 32.03727135097942
20.14839955610489 29.91982249424714
13.103569940671811 26.444556264264534
18.70088230614155 25.005597539770868
22.817141976882386 32.48910402622211
19.915025584964933 30.16737392028637
14.6849645328408 25.12538301228414
26.556763005551446 26.383026733458014
20.44369933881519 29.342544411447523
18.142775021475064 28.839762593399016
16.260015361929423 32.87227982113144
18.51093654455522 32.362326105171796
21.474832613666543 32.60970880599978
23.464789526249167 33.017164467898
23.810835547475662 27.44233074746567
19.554588834818357 26.887329432791333
22.928766112329868 23.236335991020212
21.287997513586244 31.691958301078092
18.579526584743817 28.934887528993382
16.1723783302977 24.328895760446233
20.228092584690874 28.42208536229329
20.124207580404544 25.55468169144831
13.510515234761412 32.15802302209962
12.356169378433458 26.721158438490534
15.94485628509071 25.969152726568502
14.577126436241834 24.423874299783208
21.235470511502918 30.56520059719547
18.703271691135576 33.762696028442676
22.319686502454463 30.854488175906873
18.3082578171191 34.2410678273142
23.810142910812658 31.42307004598482
26.632070432075043 33.47057690315289
24.7786653810474 23.862774650682848
14.470381486611878 29.754276903937473
16.075768428784915 28.606201234265043
25.65490531639684 25.663289816929648
21.485668373715207 26.234912720333448
17.451344477934416 35.283995881882355
22.497336244986528 33.47668986673592
20.443201490077925 30.337148594974064
15.517455162518214 36.73717640608077
13.573785877471177 29.816274504255304
20.022015954760263 31.552874144591364
16.342137105299038 31.46364472751823
22.55213639717682 33.952354486695036
19.31138937681806 33.28425365262017
18.060705131680244 33.12627916922171
21.312861796865878 24.781641851907477
25.333263788821757 32.344278054518426
19.630034051564206 29.234123704263027
19.579862172328 27.477425138940312
24.915129018922066 26.71995501676634
16.0690140619769 36.80583252634964
23.306667395361163 34.07091677968847
23.08375839703953 29.365354111762908
15.107378974016857 33.947160299573895
24.95415980362033 27.966210492847527
18.00915498522923 31.94926977954841
22.75490037316718 23.429189925761147
22.870848116498134 24.696061251777884
14.159373214033277 16.406097284946505
11.058828148890486 18.318564169523427
10.520187501992654 41.19479131221868
26.21365492323158 43.26151053938878
33.80428287044466 25.290037169769814
22.15790883435818 44.535198851411714
32.877535432706 36.78364703920235
31.941189439128394 38.80723870325903
27.547657755464407 17.259509867508662
34.43766070539961 33.489929733191104
60.31001198954422 66.98501705037606
59.15704554757022 70.82493014440972
60.71425771232911 68.72638596716006
62.51592447164775 63.532228903357705
58.62293540312575 70.56864184074857
58.349542184759514 66.69104583138098
57.992282906294946 70.7342618035805
59.976420280130036 67.43575701932285
56.05155312570423 69.14314010694956
61.00287541974135 67.40160788337838
62.1513233802203 66.3682188429666
63.12958021962186 68.92037401692421
51.39561419483754 72.11267678315612
58.13108014821214 71.71410578582979
64.64091583886776 69.0013908269514
62.32714955422087 63.026006163326485
59.99997486529269 71.24558681117729
64.05773581309924 65.89698462773961
63.9894294089075 72.99886703549033
64.519830956176 63.87387876561254
60.21120315181336 67.44314100713086
62.033234745591294 68.62392623269231
58.774895847695134 70.50770223185492
61.48879458464691 78.38659847026767
57.622074082102195 73.29094239958656
60.226718171837035 70.07882953655546
60.4031925873694 74.50003759283221
53.674353092709005 76.33259234587126
60.23010111433563 69.89317756445145
55.559191739606206 63.890925915388195
64.62225568623562 75.41882835629436
61.24045610138141 67.7355902452572
64.02973794172091 74.79656391563222
53.9784322110363 72.01519384399613
60.041525208914734 70.02256632003288
61.17202321355878 68.01716788008719
59.295907622232384 65.11120382826601
63.63721429013131 73.0549363273505
59.18092951024822 72.46014788042956
59.6236387302475 70.20744391163689
53.11274604570343 71.90212311368228
60.825712923855164 69.43995939774223
65.34204066720389 70.55362244636763
60.23485302335748 74.63243215425969
58.83343457455257 70.55577346249507
60.32785778437429 75.52356460468685
58.07881605296655 66.78054884906373
60.76077568015983 69.87781138821158
59.399032913476894 69.90071096930014
64.55368342586007 69.6655452405476
56.14811970911682 73.16809935459518
57.21524864568586 66.81435309182459
59.79751414589337 78.82703266763588
60.03503533035733 69.85808051081735
59.66801847960042 66.9145862882362
60.761559834684796 64.39720799056175
56.721035149442656 75.74707591932108
59.61753931410014 69.88623824224982
63.320273932917786 76.52543574267598
53.16023876876305 71.54589260894964
55.76577243343146 65.39129301542891
66.73694084816262 72.82036088249805
53.259802539920756 71.83573763459643
62.54157441591724 70.71776837291553
61.73335707233436 70.46724580184312
51.63887180352602 69.18930427074854
51.421289717715396 67.622355949973
60.0471375915741 67.72066347320282
58.929066422984306 71.34583189660533
64.67379975704104 64.75191524444296
62.1193121244753 72.10537642972217
62.54524798511587 67.88051897390254
65.27660209478 65.88776407714298
63.432484529042036 69.428092419547
55.534711637600715 70.0694898892458
51.742143551040954 68.99494089507428
58.965280369953916 62.864297218847575
59.43182443144636 69.57366236575454
52.89898402239585 67.9139914504802
62.532714230769336 71.39379981924482
57.93258300451887 75.57743117998913
55.150394158401895 72.4283126042667
56.30245438079661 74.98657910420228
60.26101183688466 69.72218069463942
63.17281957164721 69.96312974270472
62.45156672782749 69.6907219949272
67.6002988611908 73.87502216891065
56.25153150054412 74.34386751883822
56.90605152803347 63.48773322261516
65.34976159206708 76.70167659878746
61.06887247045501 64.63732873441492
60.28565854296113 70.12840407511376
55.3227188135999 75.2168977211612
56.8573161875629 68.58708974830812
57.65226938916031 65.08619486717501
54.076091770830914 76.1505174219009
53.85979868070078 66.92362899545819
56.17981256864721 72.84828317552949
60.0142646645326 75.84602922705852
59.908222990192826 68.98309558759657
56.594128752311626 72.92791322615865
59.626292283955614 75.04122182590176
57.789608217485416 70.77587378455334
58.01213977316745 78.74417692483574
51.7642944456842 70.45582337045514
60.664514043473545 69.11871911209995
63.27143095239402 67.58142826120212
63.411847739827685 72.09936582960336
63.466315168053846 64.93523071102105
58.3472229334369 72.35401186028973
59.43594552362552 69.84694333409576
64.77057208045395 63.55066766009176
65.74990575290468 67.17528194733256
61.556017275032964 64.47565596103674
63.310848562529415 73.16286371253543
61.16279384956362 71.38555127689789
67.01657414358391 71.16941989160826
56.61166252605723 73.65804444356179
53.14454724964785 67.6938314497673
64.7190179427808 72.83968560501718
62.78360744713524 69.9929173349523
53.61431222820556 68.9599748551221
63.07821489013517 63.79956972138609
60.65378621296604 69.88538687778565
54.50218363524452 71.78732290200529
56.574948630731136 75.07301000294926
61.49344045561289 62.24077504744798
62.38724857591753 75.23996968246848
52.07143183594911 73.57279421509807
67.7046169090094 72.79643028915768
60.639575282332444 70.91631771366407
59.34670429507528 71.33014021536087
56.37779871006755 75.25689792829661
66.68872385507112 64.80670539270902
59.971044252632254 77.61334829209545
54.5736367002837 68.20509621579234
59.63292345562525 71.06504959317607
55.19932522346084 69.92237811010767
61.41671254504824 69.45556541189764
59.24710217318763 68.8342425254789
54.8787670324777 66.02040059365848
53.014991268958916 67.04905871599998
67.30941312506651 71.31707494734054
59.74208445569749 69.68237066847394
56.97873431249282 65.77888368132952
54.02387923010458 73.45431547193287
54.24951622139004 70.07089113700134
58.60755780075027 75.47002880089454
51.43953658774603 70.92087432858038
57.12339569134416 63.35360904552195
62.40042357738859 71.18481483231997
59.499141999847694 70.19974122367033
61.24158402826362 74.17766691091946
57.907956027350195 75.04324524982015
59.359208891875326 63.56656773043964
67.65444559352727 68.8060928843824
59.191452409947345 70.8551803858588
57.873185512673224 74.58566017894678
59.54005026557989 74.1729815913477
61.83104474082459 71.2750845910874
58.050033506507134 71.73772676459096
60.06019093826348 75.53806991221663
64.18529542227694 76.5675433080821
57.397233614464355 68.61798744630534
60.23177054256307 67.19512517646122
55.534789053430714 69.58570085037204
58.385891508552895 74.18859341094743
60.19635834205451 69.92963092848646
64.44971220119693 69.05476783389918
58.83356617596083 71.54553843699
59.545370404075754 70.01458982542007
55.505976903351495 63.45293077148528
55.87676549740023 69.03224582244655
53.082292803203536 73.20610503430343
58.88134646595959 62.13707486044186
55.42337988894808 75.12993157924676
56.7406077479355 68.45919547318243
58.345149918935356 69.42500711309333
59.33845080528731 69.98230709705142
58.722746683147264 76.76003177963527
56.22997743461479 61.93592761720903
61.05622122802314 69.83327433160491
60.98686217234219 66.59499280767105
62.82997820843452 68.85784877010819
62.13788922037871 76.4495887467939
55.417897902893635 69.99775714070833
60.26570160337258 70.30926776632957
57.0433282294326 70.49223679901161
56.77024067626137 67.4535167938363
57.817023266157655 74.09390419154062
62.882884444652824 74.70457559032762
59.402140921363696 61.10452658809549
58.609143072306935 72.30615557547728
52.69876361053954 68.49564796564111
58.03687088671769 76.06905307736726
55.0297218959109 75.40346874165512
66.0159508579238 69.23609248427348
61.521161425043815 64.97173674702026
57.52248959349312 63.96049220018041
59.76322562343034 70.0381265639815
61.78661502177057 61.48170844553005
53.829254515023365 66.72608387485313
54.38112089391323 66.74699131957928
58.942656433833605 68.88777340331417
63.023093626955436 65.3127006836678
59.43922356187984 68.79402311651255
60.26922075037036 69.90915579326452
60.98206644276446 70.11740773544176
61.63884743725504 72.29887363402325
54.7450405910014 73.31744495755238
66.12298628361597 66.65991219805926
59.301896945414136 62.175722198346676
60.36247375184569 70.4275610188259
59.15230207856722 71.66242155491607
54.11615848229172 69.04999996339741
61.310615218856604 72.5011964933797
55.500467210970946 76.86613530020347
60.439153046671265 66.84180344218997
55.96901959473537 64.91575895088623
55.194050573693254 66.02027624993808
60.03784192528702 71.72996368693995
60.789880099181005 74.96028294792558
57.4193016737196 78.36725512819504
60.68984570454826 72.50788907455276
57.40568235685696 75.79026770733176
62.87076500292733 68.72977785449429
58.94871667991413 77.08103435169201
59.51202017164345 69.01765953121274
63.390731939778924 69.57512526606135
67.06787297246578 67.92774357467097
58.179160327329 77.00888584205586
59.4216760665701 67.47675413112306
57.08482546202068 71.104146642773
57.71191523023689 70.30251050141482
58.234552233787156 69.56348650991094
57.213766995448644 62.07850189759794
59.07675426494921 69.17904305447095
60.25018243677572 75.2755456122198
54.08579461405491 68.83164413155245
65.43205409652009 71.85946870652431
59.24244137374262 66.35824705929288
60.11773444846964 69.10278759055889
59.95568139589763 69.98549139335138
53.02820546832718 74.61686089017043
66.07624624490194 64.17794549758162
61.34181886758797 74.08216197497751
56.248776711624586 77.8222679617106
64.86736006683446 66.82183705154706
59.28062945967053 69.63838295480483
59.19034587478449 65.25217050494243
67.20789722782209 65.62832649468068
61.16364952493232 68.93774696617285
61.3846508600376 69.2346391430508
52.840341392290995 75.41126312573287
64.10945639902184 68.27078348136513
67.74090414813217 66.1192986245709
67.87731590519479 70.45919419804302
63.99329165648775 73.19102760424153
58.09388563808403 78.63916453077799
51.42553381967747 67.6078736608159
64.11808397697513 68.32629388631646
52.49456378418848 71.52870670152555
61.31849464996591 71.12820517533811
58.58601068877611 70.37334895442415
60.90351454557956 72.13182179660646
61.67965775869483 63.586745782804876
60.233747648356044 64.89531794563783
60.97702375423266 68.75899225179619
63.75488676842274 62.85294687368881
63.9657002740998 72.40413562291026
62.39973921514049 75.52462006680271
59.43540078062874 71.13257908624801
59.84883356789575 72.22729982776964
60.050027994503154 67.88089917606936
57.24704508245949 78.13302017038461
66.48915544112752 70.46706830351245
57.929744807743106 64.49314055617396
60.411823728979805 70.3781735804943
57.7121629879017 71.54607323793478
63.57568226873725 67.23067353709536
57.63289902618341 75.87292308929281
60.91337960344929 69.46854845267146
58.004074241969214 68.2486855238388
61.317461278433385 71.46754918943354
59.980378826060175 68.62146954872452
55.29285694189007 72.75014504386291
55.139692018169605 70.90097087721452
57.513778890021754 65.85010228758283
60.031302871226536 71.96545534676046
64.74652260083786 65.14091592775287
59.30402884613369 70.24196418460231
65.58641468022172 72.98499555994194
64.70002272041407 71.92119248127771
55.07408570196419 69.83010592384714
63.0334967506994 74.1671166631415
57.071028013378246 69.6235972614544
60.28933420012395 71.00535410875742
64.41459493541181 72.83836395848022
61.655781526534795 65.71543342930448
55.933238716965455 69.66070428036333
63.843618428370796 71.45892084004466
61.45664214508103 66.1018615765687
54.832778628134825 73.95900028766661
59.80631816591652 62.65447395837358
64.9954855274317 71.4611919134902
62.85524533985775 71.20924992482213
68.20191156943869 66.42516061269455
60.568168980903714 69.748924205445
59.75994388879643 70.15475247533007
60.687122525410416 63.113446194879536
54.641940276965336 63.01292526646418
63.77944738095117 69.83025187142393
62.35043431479075 67.48504435473981
54.20600996482744 75.74717869998233
56.76621268316742 64.77521299584053
57.234956033159605 66.01089501151716
61.35975788475178 72.81913354442784
55.24385692638103 69.12851606956485
61.118546560243004 76.45452003858675
60.03094125111167 70.00445027857158
58.75841705558097 67.6190064873298
55.198294557066454 69.02342243453272
60.115834609720075 77.4093385359206
59.50008052486329 73.07506618638398
58.68146414778715 61.66697796686803
60.37076994492742 69.05449666298642
60.37994250815403 66.24601268997628
67.91540789225573 70.78064396386267
61.49434568511685 71.09862249994721
59.75307764977753 69.8257989014491
66.03584394817051 71.90581354265282
54.55279483900252 73.84037031237978
60.43068359054853 72.06461094098621
67.28981242798962 72.69945536452468
58.892516109423354 74.39775767694009
59.14928657124452 62.70737556041919
57.65614039230378 68.34350155098087
57.39998368894473 75.46590770290946
61.68793750264299 72.12764440330645
61.075139367525935 75.84383361752151
62.50855249122687 71.01070820650575
66.21245833622834 64.14506139822974
54.23506813095757 64.16266827887833
56.15665011362718 70.1057780197138
68.16781779928286 66.85994190514934
61.34783221039773 64.11016876636494
57.51879890566678 71.43964062398166
59.041712675698555 70.94086282601312
53.30402334849745 71.1245141849106
57.60423994499046 77.25893348330328
62.186342173033054 64.01888248115561
52.39174846811456 66.85494463505569
51.84809391317688 66.93212682829189
60.05413403432971 71.20562002436138
58.89392404201269 68.54205351157978
64.75690869515427 63.198353164037165
59.867674755589974 69.17841198119548
59.80158699835953 71.70281393127361
55.16114463983528 66.34677933979137
62.978580865393916 77.2765572335493
58.898053251266646 63.23387781705306
55.01244161598838 70.64937170196109
56.103091290337886 76.78593173896095
68.57323385234486 70.82854927320544
68.19613854336967 68.00925764075838
61.05584197727707 69.99716066597054
60.200521548535704 74.30562106763851
61.533575888586135 75.21895998835848
52.20088543517432 67.35277817219048
54.892250648662944 74.75668591007216
56.95579729556988 73.71486325887552
57.65357409978159 69.81063587102454
63.643617472335066 72.59886762268411
51.3299136760899 71.68269490684277
66.48888646682539 66.12554810829093
57.13974915943879 71.71760250631824
60.90881841741918 74.98048277518116
59.911162788770746 71.31029631917247
52.60606737005947 65.98685009373362
62.162697433023226 73.07356910802943
57.83789403552933 72.03445261845884
45.16679777791255 70.06510209233164
54.124311020569856 56.45790661388364
66.34947592172466 56.84972469346612
50.63357703437928 58.429300848863846
67.22245666525966 82.79904441434934
67.19845408102769 82.95203044239727
45.25170428741882 71.08463209629606
45.6512429386907 66.10979223761602
73.76329681662209 75.32283360743135
68.28536814918601 58.083825560902014
94.51881112008982 66.82155433931528
76.43388435720192 41.23922224155927
84.25447168253484 23.14333920774455
70.71695637034598 0.9141461690661767
50.57329196930651 37.32006926868119
61.651936108433794 48.32041536218251
48.78543840030712 0.6612356992158896
55.16435609112569 1.1850968127892436
52.94176468416506 27.4740737197832
97.74793482325117 1.71425976024272
81.31572209139098 67.40329521192103
80.61676989474289 90.97733659987661
10.70164286944929 9.631389025140846
52.64559854002162 81.52143907132826
37.305158346368216 40.6027409873886
56.500218244796905 99.02330316397273
22.58572526274222 68.40416254703855
84.78671020315358 65.37357195591531
85.82191590211872 75.95858501768447
55.27014395296953 5.61149391289657
0.9450172654130617 17.138357522104762
49.9858393112792 43.39096519716623
78.43763107901111 56.585662795103495
85.79603133636694 9.536183547073007
52.8159185641648 4.2551757617045105
21.14170558845472 86.81168905816055
88.75543070344935 47.55002876452733
4.656197074174329 7.434805992565108
92.55848100809231 89.93116508650087
56.350986404798356 3.2901780153471893
92.87663612546592 31.448469322665098
96.14691898760059 58.70361040844884
39.8296020395122 7.693749144134587
83.4650560091752 38.91566073673588
89.65257670027198 33.172983962182855
75.56092645208923 13.995059423519729
98.8477957914103 72.4163570094315
50.07928516377251 97.43233274359963
5.36964319473936 43.70882528434991
