29.01 -24.01 -10.07 37.62 14.88
-47.70 -4.68 -10.88 35.75 -2.04
15.14 -46.77 -27.24 -28.14 8.42
27.12 -22.02 20.45 8.07 23.68
-12.56 -8.88 -27.00 -27.01 5.77
-43.11 10.28 19.19 7.04 8.65
-42.27 -22.90 -10.71 36.67 6.45
-39.58 -36.68 -10.51 36.60 -12.12
34.04 -42.38 -27.99 -26.43 -16.26
41.07 44.05 17.71 6.38 39.96
-37.72 -8.34 -25.40 -26.49 10.76
-26.41 8.12 -27.77 -28.77 -25.56
-33.45 41.92 18.52 6.72 -0.18
-31.37 -41.73 -27.40 -26.86 -16.97
33.75 37.67 17.58 8.68 43.37
-16.79 5.16 -11.45 35.64 -49.25
-18.86 -33.52 -27.32 -28.12 -27.47
-27.26 -8.87 -10.03 35.82 -13.46
10.79 27.76 18.81 8.24 -1.22
-12.07 -1.96 17.01 7.96 35.08
24.42 48.53 -10.58 36.17 -41.21
-29.44 -12.33 -27.99 -28.17 30.59
28.78 24.96 18.34 8.61 -44.43
10.37 -10.70 -25.37 -26.89 34.23
-38.57 32.92 17.49 8.38 -44.84
-8.55 6.91 -28.78 -26.60 -48.18
36.35 -43.65 -27.01 -26.65 19.70
42.30 -46.32 -9.69 34.29 49.73
-3.43 -36.61 -25.39 -29.47 39.66
-1.92 -48.63 18.37 8.19 7.60
41.85 -42.46 19.08 8.19 41.74
8.71 19.17 -9.21 34.84 -49.47
-46.72 3.43 -28.29 -27.76 47.51
41.27 24.99 -27.07 -26.75 -0.93
-25.18 41.32 19.15 10.08 22.29
7.76 8.51 19.37 6.66 32.09
-33.45 22.61 -26.95 -26.38 21.85
-46.61 25.71 -27.54 -27.40 3.50
-18.85 -12.21 18.31 7.14 -2.34
28.05 -25.89 -11.19 36.43 33.86
-22.24 -29.50 -9.94 37.03 -29.49
-27.99 -24.86 -27.47 -28.17 46.80
-28.73 -22.53 -10.50 37.11 21.10
1.52 -29.28 -9.68 35.41 -30.05
47.55 37.82 19.72 7.07 23.62
-4.10 25.70 -10.74 35.73 2.98
5.73 -45.31 -11.05 36.37 20.72
36.06 -23.13 19.38 9.79 26.78
3.51 -47.78 -9.68 37.60 -41.27
-31.55 -0.18 -28.72 -27.85 0.61
-20.04 -2.38 -10.38 35.25 43.20
-19.01 33.14 19.96 6.49 -17.94
-10.27 -19.22 17.50 8.37 9.39
-7.32 31.64 -10.50 35.59 -13.08
29.98 46.80 -8.46 36.82 -4.57
-15.06 -41.16 -28.31 -27.64 4.86
-3.18 29.18 -9.12 36.39 4.89
12.50 9.00 19.52 8.31 -29.83
-12.23 -2.00 -25.93 -28.76 18.46
33.66 -7.95 -11.52 35.34 -41.21
8.75 28.47 -27.73 -28.01 -36.12
-20.60 13.94 -25.89 -28.95 -49.73
21.41 30.50 -27.00 -23.67 -38.33
2.76 40.32 19.03 7.82 -2.68
3.45 11.73 18.92 8.45 10.61
-1.89 48.05 18.79 9.20 29.43
-0.30 10.81 17.37 8.55 -39.33
26.54 13.66 -28.00 -27.44 35.07
-39.70 5.48 18.62 10.36 24.60
-16.56 -40.90 17.57 7.33 -9.15
-42.45 22.64 -28.50 -27.06 43.29
25.32 4.74 -10.11 37.06 49.09
-22.77 -4.91 18.82 8.67 -29.50
39.74 41.05 -9.95 35.76 -12.08
2.66 -20.20 -9.79 34.14 42.64
30.07 2.36 -10.43 34.59 22.16
47.89 19.76 17.32 6.57 -45.19
33.98 29.65 18.77 6.65 28.15
36.70 -4.07 17.64 9.44 32.79
-9.20 34.21 -8.57 35.83 25.05
5.17 26.89 -10.26 36.41 29.95
-24.61 -43.38 -26.77 -26.91 32.51
-30.39 -45.41 -11.14 34.86 -31.36
0.55 12.08 -26.56 -26.87 -26.43
9.50 -15.26 17.78 7.57 13.38
-16.07 -29.09 -9.71 37.03 40.79
6.94 7.96 -10.20 36.46 -18.38
38.75 -15.84 18.62 6.75 8.83
5.67 3.73 -26.25 -28.23 18.30
22.08 -3.99 -10.85 35.56 -4.81
30.53 8.48 -26.62 -27.21 21.38
48.87 -9.97 -9.74 36.32 39.97
10.32 19.77 -10.94 34.64 12.41
30.69 -31.99 -27.67 -26.93 3.98
46.26 19.65 -25.20 -29.39 -6.13
44.44 -8.83 17.88 8.12 7.75
-35.89 37.43 -27.96 -27.39 -14.46
-9.36 1.52 -26.08 -28.96 -10.85
-17.60 47.31 -9.30 36.23 3.19
-41.31 10.19 18.85 7.18 -43.34
13.32 -27.62 18.11 8.75 -27.10
23.59 32.18 18.29 10.61 4.28
34.81 -15.49 -12.66 36.88 -6.85
-37.72 -15.24 -11.76 35.49 -16.72
37.64 -46.82 18.73 8.28 23.05
14.29 4.87 -10.05 35.00 19.37
20.39 3.44 -27.45 -27.91 -33.33
41.06 -14.40 19.35 6.98 37.86
12.48 39.42 -10.57 36.57 -0.46
-16.41 -37.13 -29.54 -27.33 24.15
32.51 -16.99 -26.83 -29.13 7.32
-13.69 -17.84 -8.56 35.54 49.77
-46.58 -40.77 19.70 8.64 25.24
33.07 -1.89 -29.04 -28.00 20.70
-15.48 18.78 -27.16 -28.21 27.86
27.38 1.17 16.64 7.87 -35.69
-13.72 -34.30 -26.36 -27.51 -29.55
36.11 -12.27 18.84 8.72 21.41
-28.05 -49.74 -30.76 -28.54 -0.60
47.45 36.83 -9.01 36.99 25.46
27.98 -41.55 -28.35 -28.08 -39.71
-38.58 9.73 -28.11 -26.67 3.65
6.58 48.63 16.95 8.08 -12.12
48.54 3.66 -28.18 -26.67 -4.30
-2.89 42.40 -9.83 34.10 10.40
-31.79 -26.39 -27.45 -28.60 0.23
-1.52 26.00 -25.75 -27.12 3.99
1.25 3.13 17.67 7.08 -1.36
24.17 22.05 18.82 7.82 -9.10
19.88 -43.77 -28.45 -27.58 27.19
-9.74 -35.23 -10.52 35.87 -48.78
-28.20 -36.69 -9.97 34.63 9.84
14.51 18.72 20.43 8.37 6.55
-7.83 34.44 17.18 6.95 21.62
-36.77 24.96 -10.15 35.76 9.90
40.06 -46.95 18.57 9.35 32.68
19.12 36.72 -28.23 -26.84 45.91
18.32 -14.59 18.48 8.23 -15.75
32.26 -10.28 18.66 7.39 -27.26
2.97 -39.51 -26.71 -26.89 -7.64
31.51 23.74 -11.36 36.25 -21.21
-0.19 -31.77 -9.22 37.41 11.50
-43.28 6.40 -27.83 -26.76 41.19
-9.48 34.07 19.64 8.95 -36.09
-0.25 -41.08 -9.71 35.67 -39.92
22.02 3.53 -10.64 37.91 -24.40
-39.34 -26.68 -28.25 -27.30 22.61
-36.00 -15.71 -10.64 35.77 9.30
-23.63 -2.60 -9.95 34.07 -39.78
-23.35 -14.49 17.68 8.05 41.88
