12.883248973580347 8.413018136510281
13.054457652103373 10.871408860423784
10.081776723590643 6.267508504460342
10.046368123799905 11.364242119622407
7.382963427699106 8.112510277847285
13.559276612055537 9.994535728599324
6.68520670520613 6.339373574789647
12.499295346032078 10.759815501560219
6.871810587858424 12.80285278911225
10.877167867891831 8.936643508548425
13.108491553153055 7.041710776977348
7.151451020513724 6.988801718953783
10.693635844187906 12.564144153499694
10.812613803425927 9.144272662355375
9.342984611084333 10.384487504656928
12.560275315294518 9.016160058113975
7.506614356514942 12.891436132256057
13.924291229063837 9.559067338940192
7.2867593504043615 9.175287339723646
7.008443285966993 6.711163688246067
11.649446754146721 12.148786736433866
13.317396245507293 11.759188194201394
10.626603039892206 9.12598694818082
11.909258333017608 9.117674256067914
7.123953895869045 10.732085870347628
12.332130169331364 12.714531807494602
11.26787808100821 7.627364718770814
8.97019314921714 9.971788093556608
13.166153009524308 13.051361821016098
13.397491882144513 10.713428160049714
7.046128319573642 7.848977736407356
12.709168812672152 9.954509142711318
9.43169831901535 6.556842210289452
8.612431832859425 12.970485024851886
13.431527007262076 9.61825439023748
9.639316298767103 10.773261926757144
6.209813258484817 7.762950463863217
13.050811585169384 7.639747834415826
11.992360515980145 9.125529900519066
7.136869244856603 10.475906747900172
13.722779181130853 8.24136610201057
13.559983222379213 7.953789511996579
11.501402638876424 6.384340031900441
13.627047102294705 10.863486934973935
13.474671161201785 13.479787040230763
13.301441917321586 11.26185312494039
7.2583623791750425 9.856953841567936
8.779886070669647 10.300573890770025
7.199717155227097 13.025620053189197
12.043190607252804 10.133415366451779
9.380796621223585 13.489519058226316
12.787275500708269 8.74121490148136
12.002128703900372 10.188517418135218
13.673992288937477 9.719114843315277
10.590440582807407 8.627435612363838
10.650391994441296 9.496340021449196
12.580441808241936 13.31808589796405
10.875374524150176 13.283482442511602
13.60833161048022 7.9519285969791325
12.078563475210618 8.178562887929269
12.80188619385801 6.949588554544941
7.628872998792986 10.960365655705033
10.888022279323941 7.293401174462143
11.760897207385604 12.443342605114024
9.156415867016353 9.151976865566873
6.250396600139406 6.133348438779536
7.97483226950625 6.46465451355447
13.030923182154556 12.421387368871935
6.880887051110696 11.880237906492516
6.115214690000765 7.67221176814573
10.698924117867856 6.473643875602584
9.452201550021636 8.506938265410612
13.95021080311706 6.223582669612383
11.88244078440624 6.4954037413873165
10.009915837408341 11.101741659707429
11.350372387023814 7.453359286506216
12.647018809758436 7.276322287237233
7.122590870963299 9.125238036800349
8.519304330129422 12.263325765321012
11.484818228085036 12.539007844191453
10.862197315777887 8.88566180969091
6.627585040142383 13.102420395669778
8.84450522127484 12.904049745480364
9.907033802094245 6.11536007506428
9.502939962302282 8.674503911219269
6.240754462866102 6.808170279600637
7.6440086951233255 10.275082369606984
10.730170807889127 6.514947726464211
7.657268477038657 11.13124299531003
11.28105738663702 7.5979213768487375
8.12104903213977 9.02072794945611
11.996134912254442 13.009250084172614
7.483699997669206 9.745111176026938
9.717950954676025 9.913763598809547
7.955974058917232 11.929342310408103
6.405500260713576 11.747986607966293
8.002946570989982 7.017867709391208
13.834357312432338 8.959587764672829
10.76720207671637 8.245958988929024
8.190318195213255 9.290446641626975
12.568817847114857 9.308438723344977
10.905454482583707 8.888235003302754
7.746757131645029 7.0194923287673205
6.606301768469013 8.222888515065671
6.2452632422942065 9.076064219509412
12.674784995015138 11.434609516819524
10.862583280396159 7.89377187513289
9.18149711918388 12.010014662762089
10.418503067515935 7.759332293759138
12.051439522026381 9.640436720349538
6.418945685927976 7.879877276035357
12.452507452365225 7.45192188814921
13.667571940168784 9.804637781734959
9.97849319579245 11.899966569936442
9.731088872347389 11.588833584811105
10.496636699808185 10.162144528987177
7.862706095815867 6.837654928250425
9.177101752441416 9.144704643662369
9.031601034226378 13.863070079607855
10.095731893951523 11.847324875238517
12.077758631629747 13.38528544644221
6.256489983241135 7.537012113210552
13.348144686311109 10.985758113232185
12.77606281795268 7.962093428760277
7.774201481774543 12.512789853774393
11.971244532727912 7.791716936295514
8.41667512687101 11.764606168392014
9.146056171606771 7.854021584920209
13.042076757930698 10.877812050753242
12.501558531616816 10.239382354767782
13.045603826217206 12.744573468412522
11.37757679950599 12.865410594800975
7.2440056380144275 6.963998491627822
13.263837265281047 6.353327485380788
13.726033033442103 11.859021689342438
11.38876515196932 6.834477565616919
9.05981383146526 6.26732216933044
11.121544534483084 13.223946020062503
10.948604694792513 13.728683741796402
7.450123825895025 12.010580808053541
9.76498256339557 8.470381332930657
11.573255812366245 10.05717851193491
6.5076995085460165 7.894322381732146
11.026907465879 8.598483723290354
13.228412861383044 7.883417118785887
9.395684515319914 6.72379320901493
8.531208768489103 13.79113758120095
6.674580447763068 10.58773537001085
8.710608903851771 11.745380827038645
11.776034745129083 8.311168409490174
6.186129221529936 7.320871554640502
6.500540589946707 9.593075124385987
7.913902477724844 8.59826900268109
7.316856585993323 6.810204047429368
11.009115609540633 10.337661911792251
7.139290107176674 13.069200501545424
13.819331617888437 7.108090660128897
6.428455591461107 13.281253150824952
13.609737367666128 7.281206329334834
13.716605473444531 10.150931600708521
9.19461890046958 9.59896634928838
13.600893218961613 12.96528938350103
9.56863612509469 13.38254830673133
7.52580406598913 10.541372293286837
11.208823038884004 9.02809422954474
12.806286630494277 13.532454472919827
11.367689263857784 11.930732199601664
9.553463335069857 11.477607792010424
9.322893798903058 10.433930957968926
9.368513806778136 8.055367939594289
13.31881282429826 12.7298471740069
8.981526696429158 7.726837914548219
12.721477860728633 11.931696082269152
13.526444228024605 11.69219147892543
13.398324676046272 12.86155236089932
6.957593428583075 8.297934287240741
12.934565827782102 6.616052467739073
8.247539988641378 7.33101228685464
11.436984054530733 8.791888028785447
12.296887910234997 9.225297993691324
7.312439443745495 12.356073557302341
7.307378394069266 8.549578256986003
7.8162054449821 11.128266760296576
10.657630074523597 9.19283064123407
12.770802954798471 10.56090630321323
8.403858524647994 10.466009600787215
12.894385918264563 7.9113269198678475
6.358638118919418 10.208094469125768
10.179299525219484 7.0283789331722115
7.467662373409995 11.9956232082275
10.83152153337081 12.78997981672922
9.442794681228497 10.7243777495198
12.90754780488859 10.562482278584492
11.536909609220677 8.259744861575706
8.370357723939026 13.668442875232596
8.156167542187607 10.644292645485686
10.318539359139418 6.428268659622098
6.472452981348401 11.224267084069467
12.454190500846188 10.610743965980273
12.357203363632042 9.954797590843352
6.67229120902874 9.741193935200329
11.394962729951725 11.610403243431758
10.697459319346578 11.007619667741466
10.56818586939018 8.48466305302096
9.03281325016632 13.646057656599611
6.916273451308582 6.403271243805886
12.959372995875237 10.285671246047361
9.706771839265663 6.019759619169093
8.525831659361499 8.51052893795499
11.412806202879185 8.31002888251587
10.207533415750664 11.719139027903884
7.054055176933279 11.421899416502612
8.722537954601684 11.702944995942492
11.779766188653234 13.104634558283726
13.67984487249981 11.337495713064792
11.544440387842945 11.814769061255388
12.150465867766787 7.18070252987597
10.109855683967346 11.83188977907605
12.842261898923663 8.815941123646791
13.324070676412957 6.519254818472466
8.433828061967528 13.548870542519293
12.615972088693493 12.720518216218998
10.018140654438717 9.600821659791773
10.41220928721068 11.264411647278902
13.911046485714262 9.976097655831651
9.944090092508262 13.077120866968084
10.780067287788796 7.408579256538726
9.135719462551219 7.323563697153917
7.78073862602278 8.910995799325626
10.256323746099042 6.5589832948114655
9.091268982763145 8.022412822127896
12.38641750510103 8.609239810619453
7.43645566525541 6.051817231413726
7.967642487745805 11.762100926515004
13.798077814318164 13.102646979109316
12.71631377061812 11.154687421586054
9.119529397599766 11.445192579454456
11.975143991044286 8.925127680830215
10.13033173489291 7.922039968644364
10.534665735793249 7.032464347183226
9.988425374466066 10.780562928164663
7.984986557692536 9.401161999330942
13.437070800388275 9.688368355265162
7.733114752618267 12.715570872092886
9.105744191283973 13.946236679737932
8.47400913017432 8.330050367746388
9.117448259635601 6.710993737122694
7.059531001775459 7.117741538670939
13.27182182875923 13.6358669140112
11.747784740014012 7.518317093352012
30.98402312348209 33.23331972140937
28.787300406779817 33.96327818871757
28.63572789688837 33.36545435560846
27.943603506655347 33.40311522966809
30.9706917338895 29.884000041730012
26.47635359755235 26.64752516014896
32.00332391179843 31.923558416202255
27.2140892771412 33.60397704724641
31.311372286149396 28.925332808808978
26.78691351570494 33.28096306375728
32.83596217498948 30.26517373873186
32.60465650261075 26.73723182895978
32.78593828075224 33.530706652413215
27.208635537775116 27.01316179091867
30.94440717799138 28.969122417171846
30.91403635747196 26.345486584345952
32.08829643702419 33.01270502479375
31.42886491515525 27.365768992755253
30.34267232264981 26.2397750883368
27.77146620974715 26.90264246779233
33.71753227939072 30.09214023639012
32.227102975705556 28.57508172949304
27.566934345379284 28.567623159936385
27.188541596909 30.716144075718457
29.05366670327335 27.442866015027796
32.97620140875732 29.881834741466175
28.057952803597875 30.608126463526173
30.497835839831023 30.99818551455904
33.74264423987317 33.141218470386946
28.170592615780905 26.84211273998585
32.09943480869649 30.874363222996582
28.218788271311634 30.976592906311055
26.349521682342456 33.93162203373388
32.364864046010155 28.96175236163912
27.977192647353135 27.10282587959813
30.50236182143569 29.33824426888821
28.31243376833504 33.74107431598437
30.670980537529992 26.16974472680677
26.49250014525598 32.55194409422248
31.780028270417397 28.588958931399958
31.940054833058788 31.695537773872772
26.003215176323273 27.095568028763317
30.224584648166744 31.874170536906124
30.986707804044393 26.028480171230182
29.468207519650214 26.184575686687207
33.48944535668512 27.195510857676354
28.100968363445105 30.225363700839875
31.32083268976141 32.818174157546224
27.973971010163545 32.8964935312644
29.017069621081667 32.767767526536254
30.83765367473323 30.175858049210202
27.190036604974654 29.47834303679744
33.65278519792242 28.37169790197562
28.024142999998936 27.07220079195815
29.569123540002465 28.802580453897896
27.329231388682423 27.029606697435632
27.62091501533423 30.038208306733
28.080374131270716 28.608459453125402
33.68105570487104 33.37279108698676
31.183598225720818 32.70392447070274
30.158190257318573 27.360577935846983
27.005969969552698 30.814090732548163
26.319767520070165 27.773225346059625
27.627084933447946 26.007969523305984
26.895968747448194 27.078073534542895
31.864047248625674 27.707396262231008
28.35211068767462 28.8992014676374
28.0007755850549 27.01978482874038
29.936055011651092 27.587799723450754
27.42675820244107 29.60644357199331
30.931434420860136 33.588290084791225
30.341831656604448 33.36979207359602
32.145938456568715 32.779120012212545
33.04161680821638 32.15427738375144
29.44510351550336 31.694795694508592
33.87338417189302 28.082176893665547
29.35720984704076 28.0246902961309
33.51663130079582 30.514837691276554
30.904285822142544 28.27533988148795
27.045574815104665 33.39011459600175
32.3259969929925 26.485169621143203
27.629282690431037 27.749381181679755
30.388817717158293 30.2420444950842
32.20346979695155 29.856831208057443
26.157763455739587 30.572078976215607
27.248062588164046 26.84657616357615
27.70915241953317 29.81125236113361
30.246989110821676 32.44077981986678
29.554106135858035 28.618322264731926
33.788228308576514 26.843804264461838
26.422715953602605 32.62553439284833
31.768469581746245 32.52176026271904
26.150310473279117 30.31942476638478
31.671693873489517 26.034225696841997
28.76347391160503 26.47557334039251
33.648172423223954 32.24157895849972
26.394724245041864 31.722387712291187
28.816577794358253 27.077060523644796
32.3127297575431 33.880564207485556
30.925551543231673 32.987411358667394
26.62337937208943 29.42328567611175
33.0829768682197 30.771300614545364
29.305762595446048 26.712800720683703
26.997006122106573 27.559965978957095
33.11083612384744 29.330199070744786
26.73516454227793 29.049368159117883
32.9965071984536 27.17306347234015
27.43380964525991 28.852902053544955
31.99421364916823 29.522947767095378
29.462627007462515 32.457469129347956
28.320385028643813 28.937383164758323
30.528963607493733 27.230248104376123
32.991001730777754 32.09568636582139
29.47381829904061 30.74226064384914
31.245489159128145 31.7705980301036
31.006079155332042 31.580657020738695
26.17328514433228 33.21613669117683
33.57126347921091 29.290954071849658
29.842745751099887 27.39786737531685
27.476056147427474 31.188317280017092
30.60566368899137 30.225259031753946
33.72998001816903 30.051427103815495
27.42841762868606 30.40141366348896
27.26758221385945 27.27776646158074
26.267528967379 33.12244733984624
29.143066897929778 29.264410539676792
29.168581650264862 26.243704228227124
26.863254817945702 32.67071347198959
30.54680918962764 28.726547779085067
33.39550790097637 29.725303707050553
29.78592600411881 29.574321168474032
30.73297067583012 31.719271626950466
28.26152986849432 31.837972092261378
29.3881585938836 26.21199548837244
29.078041053666908 31.54971729381446
31.060081320001856 31.386709197299187
33.22111146596718 26.21069485395419
33.534713178168936 26.85997924346563
27.41717961152424 29.03764468537642
26.66314905277349 28.205494815122776
33.599833569456955 33.16548476385285
33.746705348950925 31.798884018482518
27.091298796901356 31.762393155379296
26.278049699930065 26.13329186791398
29.621104861708467 26.340401979761314
27.89551779773569 26.275822445409098
33.47735288597151 31.59691912066495
32.666592198507345 32.86947035172822
31.17598678301699 33.08418905081589
32.09057906058741 26.616807659300523
26.051497240482544 31.99978429965531
27.174631883343313 26.930926596941255
32.686696601418376 30.74431634118882
32.95271196409266 30.89242077053442
29.286230509982328 33.02870297902035
32.659875030397544 30.636571820897913
30.737089977580588 33.00117521759814
31.052771280569157 31.436482229597637
26.46656717334651 31.452067947341583
32.94131597621845 26.682935759698175
26.54543286509181 32.140168426062644
32.86972030485599 26.867277467202058
32.147936255531825 33.33822168298445
29.63387219604122 31.753391869459954
32.48626892174161 26.132655191834548
28.933678349918544 32.59835864300624
29.73443476667213 27.48791377816626
27.142748337012925 26.363508514702268
26.335334548828722 33.820170402030854
30.02242823807954 31.002764654630333
30.417118377333235 29.896421343128374
27.13821039156552 27.199768216464605
28.858933489578057 31.771685602139474
31.777532357750697 28.449332562320514
32.35480889696392 31.69627924622951
33.02839957324534 28.879978913210348
27.558404640338424 32.17827696271199
31.64107180715335 30.64479717645708
26.415741405562922 29.114453106698782
30.60080409093508 32.20782192080359
26.404762283898275 26.47977328289991
29.50608740526796 29.932075102462388
30.564566582077024 32.376152754930445
27.836930755266085 32.35361697037003
31.353425297279788 26.625530212696805
30.96177389259775 31.375989561984923
30.36510621079652 32.85386896182695
29.91208629706309 33.72285988241323
33.39699058468212 33.982239562054346
30.9508158350633 27.20812840151256
28.956329786398733 31.529241342269064
32.749725485930185 33.98826294307314
29.419768754406086 30.052204001881627
28.803676116786654 26.020514760774752
27.034192420218385 26.251374419924893
26.982385839476404 29.193414931258246
26.165674383281615 28.183333185444837
30.104990714506048 28.213819499239875
31.948184647670125 29.036572701959845
26.802289239144095 28.694833909452758
32.0261164065421 27.80973876289786
27.936923487453655 31.191768062322296
27.381503876790184 30.841306851181496
28.03743996675305 26.814041463312723
29.94568836607838 33.82074610683242
26.5891816705754 26.7057496692062
33.3209013105421 30.807862372265568
32.87934622735049 29.162116668065575
26.572487202728944 26.35163967196788
30.92296197400822 33.84108214433435
29.501768822352915 33.11377751223913
31.037922624969934 30.023071920940676
27.078321949330938 30.83939097067085
32.119848734732905 30.01640615235992
26.813568833976 30.53379027645052
31.30635515805478 31.680004417174402
28.839094334959256 27.138206848208174
27.6428361735978 32.54193649658102
26.608784305122935 31.527672168770653
33.40573853338853 31.264935619550748
54.98499547985473 11.189056090481783
58.22568249125477 12.589113763084237
52.00431483141305 8.396961817960438
52.13108223576755 12.231004662137138
58.2248923385048 10.40808817332572
54.061623670288014 6.4186188816460055
53.0102105471666 12.78190739219458
54.884496933889544 6.8853705261870175
58.24302448663227 8.287182763304257
54.77694346462456 11.595884061049809
51.2798228547249 13.888229799863797
53.93061184312523 12.261997186088522
56.14222253470367 11.315399795904593
54.249944346847414 6.466999679554494
54.06257830021011 11.901341303646523
56.927375528741635 8.01492723126761
56.37048719611756 12.133546152089135
55.438404508669265 8.54189418168274
56.358671672374555 10.27734913077649
54.24572170677335 6.410693538887356
51.204728318650446 11.436610549277102
52.187923188208515 8.971428387500083
54.44666304664281 11.688245046793249
56.8678302673733 8.456738060656162
54.55425454748236 9.754857834780786
57.30934172669372 12.937358343970756
56.73880929251881 6.003388326190822
51.07166273345996 11.400248152597397
54.36917293853693 8.062833903813395
51.58300354173721 9.511231100575502
52.15284469333713 8.731109074992931
58.21924846453211 8.661428134763877
54.25973606261674 11.443833954757906
53.02300307381207 6.891395846355695
56.09494431610365 11.313390082223899
56.562788346090315 13.700701118756779
58.41729599093584 11.074207619133052
57.05908337004938 13.374530161397146
55.63088729643762 7.797192038210607
57.194970766474405 7.306324125883876
51.782538141122586 10.84822576298027
54.16338169236255 10.578696198307597
55.14224622182501 6.67904798480377
53.11815188741351 12.220654993332715
51.41850233944755 7.0739661127274145
53.7558181521297 13.106814520299283
55.66876618755222 13.494181846091667
55.62479141305827 12.072382450398049
55.20472928755127 8.3313776575168
56.77056101871578 13.984597203672063
57.37746190908224 9.082530779479342
58.653261489782984 9.286654021066578
57.87583750537484 10.259049115056982
55.353778529012345 8.22909430241679
54.24246232182874 7.9964155307945965
57.429388318579385 9.681620330942676
54.88756579203302 13.662550634443383
58.82075629955958 11.805930376205195
51.43684541461782 9.438967755184969
58.767483734022534 6.578613564876729
56.956613326241296 10.936731969270486
52.5853779942056 13.656962738842086
57.07227645106833 7.159646253331352
51.25113263048732 12.6998497261912
51.130503150767034 13.091721669602954
54.415411815965044 9.233080873579134
58.25138968132608 7.408943153822292
57.17266170760151 13.676453235397084
51.77805030059314 12.392189489027952
55.145457142925956 9.73929157760847
58.85980305628907 13.811566584056008
53.177592661279185 8.772386275422651
52.17769772321968 13.466579982991679
57.81971236518532 9.526494189483294
52.435828991913866 10.188604504985229
56.32986223660152 10.735291846509305
52.94032993419124 9.116196779522445
53.07656758835952 12.654031053872059
58.30601667293748 13.023621296630317
57.879994286130426 11.007365456277423
55.600149682631866 8.825281004903273
53.1904887932492 12.050716327797794
58.74815218411189 11.349712343218034
57.45108723970033 10.305652880215549
52.96522835440977 6.582407803998008
56.408471488103274 12.724156722879005
55.864567515028384 7.211781372897014
51.226772607012855 12.97537177985813
55.31310291350987 12.121728365624765
54.41758377863958 10.010304200694705
7.044600481940422 58.853597784388874
7.169140594369197 53.63316577332394
7.880340765395017 56.446472778760665
7.759931758685389 56.00384547922066
10.089872740146607 54.87190531302518
13.722189086675428 53.75371166071514
10.574493566689881 56.007735592084174
13.054644747670974 58.96602057962354
10.145984952553711 58.6841452603271
8.040882809799129 52.05262229886014
12.36716555489551 58.477850289650625
9.32794087649604 53.58875543824847
12.162459298256543 51.782447896619985
8.050542619584714 56.20724853551802
11.221878630901378 56.157700027605316
13.559440739932617 57.83936143513307
13.815870018481636 51.25864068248552
6.272384426757572 56.30470959626056
6.8280835187799775 51.72013192930484
12.642803744239373 51.43216195171439
8.85903415123478 57.091257781630894
7.182645877122888 56.687531561137874
6.43596522042044 56.22723726096315
9.141594808273734 57.50460786893648
9.494315048851142 51.904614137903884
8.49625893931195 56.68562214911553
11.973504901072523 52.00244516552385
6.515336631303702 57.12816320292372
10.801055070005097 55.57027373936063
6.038366244835445 54.56018854071782
10.900823373829777 58.81709913713353
12.804246810645331 56.73474112298667
10.849957646997225 54.67983404582945
6.234359246272129 58.238462753974474
6.652856923693555 51.580285986170985
6.770543698257117 52.21865676797095
9.27095882594843 57.36458371991824
10.443171849131188 55.125431917614215
11.496640824395396 55.25927215260765
9.569660619660501 55.83079729563354
12.764000322216575 53.25978088584631
10.104787362172399 55.30265209484951
7.161207830002744 53.69814940735134
7.543100304019532 53.66839621159653
9.561068610629107 51.366326767445756
9.589986461503067 57.787360059069066
12.675821904517326 58.73134796408014
11.166967374006695 53.348716700896176
9.128021795416897 53.51578631852763
11.84574705912139 58.16664826338319
55.981198956369845 55.24046263022855
57.41188080001805 51.26853288023676
53.913886857181424 52.74836379642518
53.31557768206778 54.77785097273254
54.7279184693308 58.77544109822393
53.75490518553791 53.43668522697653
53.275471147754914 54.583799289588995
52.117308205531444 55.21706348731558
53.98903301022824 56.45624214884593
57.20849597404476 55.391406252437754
51.13429961596684 51.6514891177636
57.63016672492409 51.00753273126155
57.7160100693599 52.85527121721009
56.24102850082999 54.353381317675975
58.269216201458406 56.943739209263015
55.46450456222312 51.849892295712024
56.657727096959725 51.53081301255493
51.097479229640356 58.79067069055589
55.097232499200736 54.05040721288143
56.09601283021031 56.08970514111827
58.11927745370503 54.490707987534904
51.555384805945835 52.5318352334922
58.19920238699212 58.8173409531528
52.41643239398842 58.11030284224382
52.73616199039499 51.94593235454595
51.50697465740571 52.15029375062357
52.67201237580595 57.777711601272706
58.164035845830625 55.285910467913745
52.91543296131731 51.04251015176279
52.898282759002875 57.37304238704224
53.60916746100644 58.72764766304052
52.50497027846416 51.05957237643335
51.64401006591556 56.665004535616255
56.422343563213246 52.04365802340833
54.912860123297406 56.67810032493226
53.00744277118862 54.337268170046364
54.57652193635482 51.6383994096478
57.70733388830032 56.205370514814085
51.652007036291565 51.43845990725901
52.18247772813708 58.32317105411131
52.62677225287547 56.55062106330463
58.90604417209996 52.60878161849137
55.86811730508511 51.04238084809071
56.78871924796121 51.51484795585578
52.96687068011747 54.80114559635443
56.12992144880032 55.73472392727564
57.848032030368095 55.54539680784844
51.60144418612785 53.58648187277625
56.59734158642511 57.309557646167704
55.01407586181773 51.606002720796035
56.44435813225231 57.23359057031982
55.851130869479 56.16272858153118
53.36008793412197 52.91607060898904
58.86121640344501 54.58364049209984
51.44289594764835 55.562290334300656
58.294975561766506 52.917551015364076
55.92360594941024 55.83253335124441
51.52424446313498 57.87564889756634
58.53025049729965 53.70662266752216
52.85873742463389 57.56743594823542
55.49663756480713 51.19825679920423
55.6765588960371 51.28599975566249
51.700267821297395 58.00529552838126
54.3468154283005 54.618805282616385
51.983329515664835 52.868180311817476
