0
596
1781
2495
2690
3097
3111
3132
3153
3168
3187
3206
3222
3236
3252
3266
3286
3306
3323
3336
3350
3370
3388
3403
3424
3445
3463
3485
3505
3521
3538
3560
3582
3597
3618
3633
3655
3672
3686
3704
3717
3730
3743
3759
3779
3794
3816
3836
3853
3872
3888
3906
3922
3939
3959
3977
3993
4008
4030
4052
4071
4087
4101
4117
4130
4152
4172
4188
4201
4217
4235
4251
4264
4279
4301
4317
4337
4356
4376
4398
4412
4426
4444
4458
4475
4488
4510
4532
4546
4565
4581
4598
4611
4631
4649
4662
4675
4695
4717
4734
4749
4766
4786
4800
4814
4829
4850
4870
4885
4901
4917
4933
4947
4964
4980
5002
5017
5038
5054
5074
5087
5106
5124
5139
5154
5175
5191
5204
5218
5237
5258
5278
5298
5313
5331
5346
5366
6326
6724
7380
7397
7414
7433
7452
7465
7483
7500
7522
7538
7558
7571
7584
7600
7613
7628
7647
7666
7684
7701
7714
7728
7741
7758
7776
7797
7812
7833
7852
7867
7889
7904
7925
7939
7953
7967
7983
7996
8015
8034
8053
8072
8094
8114
8134
8148
8163
8185
8198
8217
8235
8254
8270
8286
8308
8325
8340
8357
8379
8394
8414
8432
8450
8472
8488
8504
8526
8539
8561
8576
8595
8614
8634
8648
8661
8676
9658
9792
10306
10650
12153
13903
15775
16127
16475
16795
17172
19569
21272
22649
24042
24458
25457
26131
26676
27863
27958
28698
29707
30341
31163
31231
32693
34441
34496
34569
35344
35357
35379
35399
35421
35440
35457
35471
35489
35504
35526
35544
35559
35577
35595
35609
35623
35644
35657
35674
35694
35711
35727
35740
35760
35778
35798
35820
35839
35858
35871
35892
35905
35923
35936
35956
35973
35986
36002
36017
36030
36046
36062
36081
36101
36115
36128
36142
36164
36185
36200
36216
36231
36246
36265
36284
37549
37911
38058
38071
38086
38102
38124
38142
38163
38181
38194
38213
38234
38247
38262
38283
38297
38318
38338
38360
38378
38394
38408
38427
38449
38463
38481
38495
38516
38530
38552
38565
38580
38593
38614
38636
38651
38666
38683
38701
38718
38732
38754
38775
38789
38810
38829
38845
38859
38879
38897
38919
38938
38956
38971
38986
39004
39090
40571
41364
41521
42027
42276
43603
43830
43980
44001
44807
45351
46834
46954
47090
47570
47810
48224
48290
48305
48319
48341
48356
48378
48391
48405
48425
48440
48458
48471
48492
48512
48530
48548
48564
48583
48604
48617
48633
48651
48670
48691
48706
48728
48744
48766
48783
48804
48823
48844
48860
48874
48895
49930
50998
52811
53507
53844
55549
56249
57685
58174
58825
60684
60699
60721
60742
60759
60781
60798
60815
60831
60848
60863
60879
60898
60918
60934
60956
60973
60994
61009
61023
61042
61060
61082
61103
61116
61134
61155
61168
61188
61202
61216
61236
61255
61277
61292
61305
61325
61338
61352
61374
61388
61402
61415
61435
61454
61469
61486
61501
61517
61532
61546
61566
61587
61605
61623
61636
61652
61666
61686
61703
61721
61740
61761
61781
61797
61817
61834
61850
61868
61889
61905
61926
61943
61963
61983
62005
62021
62041
62055
62068
62087
62102
62119
62140
62153
62168
62185
62201
62223
62240
62260
62280
62296
62314
62333
62350
62372
62392
62408
62423
62438
62455
62470
62487
62506
62528
62542
62559
62575
62593
62614
62633
62647
62666
62681
62701
62720
62733
62746
62763
62782
62799
62816
62832
62849
62866
62884
62903
62971
63361
65416
65848
65948
67123
67797
67903
69445
70933
71635
71876
72827
73767
74906
75430
76651
77188
77206
77225
77245
77264
77278
77297
77316
77337
77356
77369
77391
77412
77426
77443
77459
77472
77492
77513
77531
77551
77568
77581
77597
77615
77629
77643
77657
77672
77691
77706
77724
77740
77760
77778
77796
77815
77833
77852
77874
77896
77911
77926
77946
77967
77989
78004
78024
78039
78054
78069
78088
78108
78124
78141
78160
78182
78203
78220
78239
78259
78275
78295
78309
78331
78351
78370
78389
78408
78426
78444
78457
78473
78490
80365
82199
83764
83865
84469
85696
86094
87877
88359
88721
89991
90544
91493
91714
91832
91940
92177
93135
94315
94987
95001
95015
95029
95045
95061
95081
95098
95117
95132
95148
95168
95182
95202
95223
95243
95265
95281
95294
95314
95332
95348
95363
95376
95392
95410
95424
95437
95456
95471
95492
95510
95531
95545
95562
95581
95601
95614
95636
95653
95670
95691
95712
95732
95749
95771
95793
95814
95834
95854
95870
95889
95910
96510
97646
98217
98691
100083
101016
101158
102121
102141
102158
102174
102194
102213
102234
102250
102270
102283
102300
102319
102333
102351
102367
102389
102405
102419
102437
102451
102465
102486
102505
102523
102537
102554
102574
102596
102610
102627
102641
102656
102671
102685
102699
102715
102730
102746
102764
102780
102800
102819
102833
102846
102860
102879
102899
102919
102939
102957
102973
102992
103014
103029
103042
103057
103076
103090
103104
104253
105009
106040
108104
108271
108292
108312
108329
108350
108372
108387
108402
108415
108429
108445
108465
108487
108501
108522
108544
108561
108577
108594
108613
108634
108652
108668
108682
108701
108717
108732
108751
108768
108781
108796
108812
108833
108851
108871
108889
108903
108919
108940
108961
108974
108991
109006
109021
109036
109052
109069
109091
109104
109119
109133
109154
109170
109183
109203
109224
109238
109252
109273
109292
109308
109327
109348
109369
109387
109402
109421
109441
109463
109478
109491
109510
109524
109537
109554
109573
109586
109600
109622
109635
109648
109666
109686
109706
109728
109743
109762
109782
109798
109817
109832
109854
109870
109885
109901
109918
109933
109952
109973
109993
110014
110036
110050
110065
110078
110094
110109
110131
110145
110167
110185
110206
110223
110240
110254
110268
110290
110309
110324
110344
110366
110387
110405
110423
110442
110458
110477
110491
110511
110526
110547
110568
110586
110603
110620
110637
110659
110674
110687
110704
110722
110743
110765
110784
110800
110817
110834
110854
110868
110888
110903
110919
110940
110956
110978
110997
111017
111030
111122
111340
111549
112480
112745
113015
113028
113044
113060
113079
113097
113115
113135
113151
113168
113184
113200
113218
113235
113249
113267
113280
113293
113312
113334
113354
113375
113388
113401
113417
113430
113449
113470
113491
113511
113524
113538
113554
113572
113594
113611
113633
113647
113663
113685
113699
113720
113741
113763
113784
113798
113817
113830
113852
113866
113888
113908
113928
113947
113960
115369
116024
116039
116058
116078
116098
116117
116138
116157
116177
116198
116216
116232
116253
116269
116289
116307
116323
116337
116353
116371
116389
116405
116423
116444
116463
116481
116494
116507
116522
116538
116557
116576
116597
116611
116629
116643
116660
116673
116689
116708
116726
116746
116760
116778
116796
116813
116833
116852
116874
116893
116913
116929
116947
116963
116978
116994
117012
117028
117041
117057
117074
117090
117104
117126
117142
117159
117175
117194
117212
117232
117249
117264
117279
117298
117311
117327
117346
117360
117378
117391
117413
117427
117440
117459
117474
117495
117512
117527
117545
117564
117581
117597
117612
117629
117643
117663
117678
117699
117719
117734
117751
117768
117790
117806
117826
117842
117862
117877
117893
117912
117928
117941
117955
117976
117990
118010
118026
118043
118059
118075
118091
118107
118120
118142
118160
118182
118197
118214
118230
118243
118263
118283
118301
118319
118340
118353
118366
118387
118407
118420
118438
118457
118470
118491
118504
118518
118534
118556
118574
118595
118614
118629
118651
118673
118690
118706
118725
118742
118759
118780
118793
118809
118828
118844
118862
118876
118894
118909
118925
118941
118957
118971
118993
119010
119027
119040
119056
119073
119093
119113
119126
119148
119164
119182
119198
119218
119232
119245
119262
119282
119299
119315
119329
119348
119366
119385
119398
119412
119425
119442
119457
119476
119498
119520
119536
119555
119572
119593
121599
121618
121635
121650
121668
121690
121710
121723
121742
121759
121774
121793
121808
121827
121840
121855
121871
121886
121899
121918
121939
121954
121967
121986
122002
122023
122041
122054
122070
122087
122104
122121
122143
122157
122179
122199
122221
122235
122257
122277
122298
122313
122329
122343
122358
122375
122397
122415
122431
122448
122466
122485
122504
122517
122532
122550
122571
122588
122607
122628
122650
122670
122687
122701
122723
122740
122755
122769
122783
122804
122826
122844
122859
122877
122893
122911
122933
122954
122970
122984
123001
123023
123041
123057
123071
123093
123112
123133
123148
123170
123183
123202
123224
123243
123260
123282
123297
123319
123335
123349
123369
123382
123401
123420
123435
123454
123472
123489
123509
123528
123548
123569
123589
123610
123625
123646
123662
123682
123701
123719
123738
123757
123778
123793
123810
123824
123841
123861
123875
123894
123908
123925
123944
123963
123977
123990
124007
124025
124043
124063
124076
124091
124113
124127
124146
124162
124182
124196
124213
124233
124254
124274
124290
124305
124319
124338
124354
124375
124388
124409
124430
124450
124471
124489
124506
124520
124537
124551
124566
124580
124601
124617
124631
124648
124665
124687
124704
124726
124745
124762
124782
124800
124821
124837
124857
124875
124888
124908
124927
124946
124966
124984
125002
125022
125044
125064
125077
125097
125112
125127
125149
125165
125178
125199
125215
125228
125250
125266
125283
125296
125310
125329
125347
125367
125380
125396
125418
125432
125451
125471
125490
125507
125524
125538
125557
125576
125596
125614
125628
125646
125668
125686
125708
125721
125734
125754
125773
125792
125812
125834
125852
125865
125885
125900
125922
125936
125958
125972
125990
126004
126021
126040
126055
126074
126094
126278
126384
127169
127464
127550
129134
131350
132386
132404
132420
132435
132450
132465
132478
132491
132513
132532
132548
132565
132585
132607
132625
132640
132662
132680
132694
132711
132728
132743
132760
132773
132792
132812
132826
132840
132855
132869
132886
132903
132925
132941
132958
132979
133000
133020
133040
133056
133074
133087
133104
133122
133141
133159
133178
133195
133213
133226
133246
133265
133280
133299
133312
133331
133346
133364
133377
133390
133405
133426
133447
133465
133483
133505
133527
133546
133565
133583
133596
133609
133623
133636
133656
133676
133691
133710
133731
133753
133769
133786
133808
133826
133847
133863
133882
133898
133913
133932
133952
133972
133989
134002
134024
134044
134060
134075
134096
134112
134130
134147
134165
134179
134201
134220
134239
134257
134275
134292
134308
134325
134346
134362
134384
134399
134418
134436
134451
134472
134490
134508
134526
134539
134552
134567
134587
134603
134621
134636
134649
134667
134680
134698
134713
134733
135351
135370
135392
135405
135419
135438
135453
135468
135488
135509
135527
135546
135560
135574
135595
135613
135634
135648
135664
135677
135699
135719
135738
135756
135776
135792
135806
135825
135844
135866
135887
135908
135925
135945
135962
136258
136318
137360
138911
138929
138947
138966
138982
139000
139020
139040
139055
139068
139090
139112
139134
139148
139161
139183
139198
139214
139227
139248
139265
139284
139305
139324
139346
139363
139379
139398
139419
139434
139456
139474
139495
139513
139533
139548
139566
139588
139606
139627
139645
139658
139677
139694
139709
139730
139751
139767
139788
141686
141989
142085
144120
144217
145551
146060
146082
146097
146114
146131
146153
146174
146191
146207
146225
146241
146260
146282
146295
146309
146329
146346
146361
146378
146395
146416
146438
146457
146470
146489
146510
146530
146546
146559
146577
146594
146607
146625
146640
146659
146679
146693
146709
146729
146742
146756
146769
146782
146803
146819
146840
146859
146880
146899
146918
146940
146960
146981
147001
147019
147035
147057
147074
147094
147113
147132
147148
147165
147180
147196
147210
147232
147254
147268
147288
147310
147329
147348
147368
147390
147410
147429
147450
147467
147487
147506
147526
147542
147558
147577
147595
147611
147626
147647
147660
147681
147702
147722
147740
148647
149341
149593
150367
151933
153051
153177
154418
154952
155315
156927
157956
158005
158779
159775
161116
161417
162571
163798
165146
166621
167428
167510
167640
168007
168524
169632
171542
171892
173716
173951
174296
174497
174512
174533
174546
174565
174584
174605
174624
174641
174663
174678
174697
174710
174731
174744
174763
174780
174795
174810
174828
174845
174861
174874
174892
174907
174923
174944
174964
174983
174996
175009
175022
175043
175062
175079
175092
175109
175131
175149
175170
175188
175207
175227
175246
175262
175275
175290
175311
175329
175348
175361
175374
175395
175417
175439
175454
175471
175493
175511
175532
175552
175572
175589
175603
175618
175632
175646
175666
175682
175698
175713
175735
175754
175768
175781
175800
175820
175837
175850
175866
175879
175894
175916
175937
175950
175964
175979
175994
176010
176027
176046
176065
176082
176096
176109
176125
176728
176745
176761
176774
176793
176808
176824
176846
176861
176876
176890
176911
176932
176947
176969
176991
177011
177028
177046
177060
177079
177093
177106
177128
177143
177161
177180
177193
177209
177227
177249
177262
177278
177299
177314
177336
177358
177376
177396
177409
177427
177449
177462
177484
177499
177520
177536
177550
177567
177585
177600
177619
177641
177654
177667
177680
177699
177712
177729
177750
177768
177783
177800
177816
177836
177854
177875
177896
177914
177934
177947
177962
177977
177994
178012
178032
178049
178064
178082
178095
178110
178126
178145
178165
178185
178200
178213
178227
178246
178261
178279
178298
178318
178333
178348
178369
178390
178411
178430
178444
178457
178479
178496
178516
178529
178545
178559
178576
178593
178613
178634
178648
178661
178678
178696
178709
178722
178743
178761
178777
178794
178813
178832
178847
178869
178886
178906
178919
178940
178957
178979
178993
179010
179032
179047
179064
179078
179096
179118
179138
179155
179168
179190
179211
179231
179249
179269
179283
179305
179318
179333
179351
179365
179381
179394
179416
179435
179452
179466
179484
179501
179519
179539
179556
179576
179593
181362
182265
183927
185341
186584
186603
186624
186645
186658
186674
186693
186707
186724
186739
186756
186771
186784
186799
186813
186827
186843
186865
186884
186905
186919
186937
186953
186968
186989
187010
187024
187046
187066
187082
187104
187126
187147
187165
187184
187200
187216
187235
187256
187274
187291
187313
187331
187350
187370
187391
187407
187426
187446
187462
187481
187495
187513
187526
187546
188203
190066
190879
192409
193583
194117
194137
194156
194174
194193
194212
194230
194250
194271
194284
194297
194319
194335
194349
194364
194386
194400
194418
194439
194458
194472
194492
194510
194529
194549
194571
194591
194608
194625
194641
194654
194668
194682
194697
194717
194738
194760
194775
194797
194812
194832
194849
194863
194879
194897
194915
194934
194953
194971
194988
195007
195025
195046
195067
195080
195102
195123
195140
195158
195176
195191
195206
195219
195238
195260
195274
195294
195311
195331
195353
195371
195391
195408
195426
195439
195461
195593
195607
195625
195646
195664
195684
195700
195717
195731
195747
195762
195778
195795
195816
195833
195848
195870
195887
195909
195930
195952
195967
195981
195999
196021
196038
196057
196079
196098
196113
196134
196148
196162
196182
196204
196218
196237
196255
196274
196288
196301
196316
196329
196343
196360
196381
196400
196414
196429
196444
196463
196483
196504
196523
196543
196558
196573
196586
196605
196623
196637
196656
196676
196695
196715
196736
196751
198763
200005
201697
203517
203858
204329
204346
204361
204381
204397
204417
204434
204456
204470
204489
204506
204523
204542
204560
204580
204600
204613
204629
204642
204660
204674
204689
204705
204720
204735
204749
204767
204787
204807
204829
204847
204869
204884
204904
204925
204943
204957
204977
204990
205008
205030
205044
205058
205076
205094
205116
205133
205149
205166
205182
205195
205216
205233
205247
205267
205287
205305
205319
205332
205348
205369
205382
205402
205419
205437
205458
205478
205499
205513
205528
205550
205568
205588
205606
205621
205639
205658
205677
205691
205707
205726
205744
205761
205776
205792
205807
205829
205848
205864
205877
205891
205911
205927
205944
205966
205981
205994
206008
206026
206046
206059
206076
206097
206118
206133
206152
206165
206183
207896
208543
209374
209821
211506
212048
213334
215434
215449
215465
215487
215503
215520
215535
215557
215572
215594
215609
215626
215639
215656
215675
215692
215705
215720
215741
215761
215777
215790
215812
215829
215850
215871
215889
215903
215923
215936
215951
215968
215985
216004
216021
216038
216051
216072
216088
216109
216126
216140
216157
216170
216191
216206
216221
216238
216252
216266
216284
216304
216326
216347
216367
216384
216397
216413
216434
216447
216466
216483
216499
216514
216535
216550
216570
216590
216604
216622
216643
216658
216674
216691
216705
216727
216747
216763
216776
216793
216815
216831
216850
216865
216883
216903
216924
216937
216952
216973
216995
217013
217035
217055
217072
217087
217109
217130
217143
217157
217177
217190
217211
217230
217251
217267
217289
217311
217328
217345
217361
217379
217398
217418
217435
217454
217473
217493
217511
217531
217549
217571
217589
217606
217620
217640
217654
218605
218750
218945
219195
219550
220770
222185
224048
224312
225152
226213
227535
227555
227569
227589
227605
227622
227638
227654
227673
227689
227706
227719
227738
227755
227775
227792
227811
227825
227844
227862
227882
227897
227916
227934
227951
227966
227985
228000
228015
228029
228045
228067
228080
228096
228114
228135
228157
228170
228183
228199
228221
228236
228254
228268
228286
228303
228320
228340
228362
228382
228402
228419
228432
228452
228466
228479
228501
228520
228533
228546
228562
228580
228596
228614
228633
228653
228667
228687
228704
228720
228740
228758
228778
228800
228821
228841
228859
228876
228896
228914
228932
228945
228962
228978
228995
229014
229029
229046
229060
229076
229089
229102
229124
229139
229154
229169
229187
229201
229217
229237
229257
229279
229292
229313
229333
229352
229372
229390
229406
229427
231018
232581
232599
232614
232632
232646
232660
232678
232693
232706
232722
232738
232759
232778
232795
232809
232825
232846
232860
232879
232897
232918
232935
232952
232965
232983
233003
233018
233038
233058
233073
233091
233113
233132
233145
233166
233180
233194
233210
233229
233243
233262
233275
233290
233312
233325
233342
233357
233372
233389
233405
233424
233441
233456
233472
233489
233510
233532
233552
233568
233582
233604
233618
233634
233650
233663
233680
233693
233707
233724
233741
233757
233779
233798
233811
233832
233850
233865
233878
233892
233907
233923
233940
233953
233966
233981
233998
234017
234039
234053
234066
234087
234108
234129
234147
234163
234179
234193
234214
234232
234249
234268
234283
234299
234317
234330
234350
234368
234384
234400
234414
234436
234449
234470
234487
234501
234519
234532
234550
234565
234587
234606
234623
234643
234663
234677
234698
234720
234740
234759
234779
234797
234814
234827
234842
234856
234874
234895
234915
234928
234945
234967
234981
234999
235013
235034
235054
235074
235092
235110
235130
235149
235164
235186
235203
235223
236734
237593
237875
238796
240198
240841
241404
242170
242926
242939
242960
242981
243000
243013
243030
243045
243059
243079
243095
243116
243135
243153
243170
243187
243201
243222
243243
243259
243272
243294
243309
243330
243350
243368
243389
243404
243419
243438
243460
243480
243500
243519
243536
243553
243567
243587
243605
243618
243638
243659
243673
243693
243710
243723
243740
243757
243772
243789
243802
243820
243838
243853
243867
243888
243902
243919
243939
243958
243980
243998
244014
244033
244048
244068
244081
244097
244111
244124
244142
244161
244181
244196
244218
244240
244257
244278
244297
244318
244331
244348
244364
244383
244401
244416
244430
244449
244471
244486
244502
244515
244531
244544
244564
244578
244597
244616
244631
244646
244668
244683
244699
244713
244727
244746
244768
244790
244810
244827
244843
245582
247166
247446
247462
247475
247496
247514
247532
247550
247564
247585
247607
247628
247648
247670
247688
247704
247719
247737
247759
247774
247789
247806
247825
247839
247856
247877
247895
247913
247926
247943
247959
247976
247989
248002
248018
248039
248061
248081
248103
248120
248140
248160
248176
248197
248218
248239
248257
248277
248295
248308
248321
248335
249638
250111
251209
252900
252913
252934
252951
252972
252991
253006
253026
253041
253056
253071
253086
253103
253121
253138
253155
253174
253193
253214
253235
253255
253274
253295
253313
253331
253346
253361
253379
253396
253415
253434
253455
253472
253485
253502
253523
253541
253561
253577
253591
253608
253625
253645
253661
253676
253694
253715
253736
253751
253768
253790
253804
253825
253838
253857
253879
253893
253913
253932
253950
253966
253983
254002
254024
254044
254063
254085
254101
254118
254132
254146
254161
254178
255192
257071
257487
258075
258454
258473
258489
258502
258517
258535
258553
258574
258587
258609
258626
258647
258665
258680
258697
258710
258726
258744
258761
258774
258787
258802
258822
258837
258854
258872
258890
258908
258922
258944
258963
258985
259000
259015
259031
259053
259068
259085
259099
259119
259141
259156
259177
259199
259221
259242
259264
259278
259299
259315
259337
259352
259369
259386
259399
259419
259439
259459
259478
259492
259511
259530
259551
259572
259585
259602
259621
259640
259654
259673
259688
259707
259722
259735
259749
259764
259780
259799
259818
259834
259848
259867
259887
259905
259923
259939
259953
259972
259985
259999
260021
260043
260056
260073
260093
260106
260126
260140
260156
261201
262076
263003
263023
263039
263053
263066
263081
263102
263121
263136
263155
263173
263189
263202
263222
263243
263260
263280
263295
263314
263327
263341
263354
263367
263387
263403
263425
263441
263458
263478
263498
263513
263527
263547
263563
263583
263603
263618
263635
263656
263676
263696
263712
263734
263756
263775
263790
263803
265394
265413
265433
265450
265472
265492
265509
265523
265540
265562
265581
265599
265614
265634
265650
265665
265683
265699
265718
265735
265753
265772
265789
265804
265824
265837
265859
265878
265894
265916
265936
265952
265967
265986
266004
266023
266040
266062
266077
266099
266116
266135
266152
266171
266192
266207
266226
266248
266266
266282
266301
266690
267965
268664
268767
270343
272166
273523
273537
273555
273575
273594
273614
273629
273645
273664
273677
273690
273707
273723
273740
273757
273775
273789
273805
273821
273837
273852
273865
273886
273902
273917
273934
273954
273967
273985
274006
274022
274040
274059
274079
274094
274111
274124
274137
274155
274173
274190
274210
274223
274238
274252
274270
274285
274307
274323
274340
274361
274381
274400
274414
274435
274450
274464
274477
274490
274505
274527
274543
274563
274579
274600
274616
274629
274651
274664
274686
274708
274726
274742
274763
274777
274794
274811
274829
274847
274860
274876
274892
274911
274932
274947
274962
274977
274994
275013
275028
275048
275062
275077
275090
275112
275129
275143
275162
275176
275189
275207
275223
275242
275259
275278
275296
275318
275333
275352
275373
275395
275409
275424
275440
275459
275481
275495
275513
275533
275548
275570
275584
275599
275615
275630
275648
275667
275680
275697
275710
275725
275741
275755
275769
275782
275798
275813
275831
275852
275866
275881
275897
275918
275937
275956
275978
275991
276011
276033
276047
276066
276085
276461
276733
277393
277919
279295
280142
280450
281809
282367
282389
282404
282426
282439
282460
282475
282488
282506
282525
282545
282558
282576
282595
282610
282625
282645
282660
282677
282693
282712
282733
282749
282767
282788
282810
282828
282848
282869
282886
282905
282922
282939
282953
282969
282991
283005
283023
283040
283054
283073
283089
283105
283124
283137
283151
283171
283193
283213
283226
283246
283265
283286
283308
283328
283350
283365
283381
283400
283413
283435
283449
283464
283482
283498
285745
285936
285958
285979
285993
286014
286033
286053
286071
286085
286100
286114
286136
286154
286176
286198
286212
286233
286246
286264
286280
286302
286319
286335
286353
286366
286383
286396
286411
286424
286444
286465
286485
286498
286512
286532
286552
286568
286582
286595
286610
286624
286639
286655
286673
286691
286704
286724
286741
288636
290145
292191
292808
294783
295412
296839
297183
297861
300054
300825
301005
301857
302377
302517
303387
304707
304729
304750
304766
304788
304803
304823
304840
304860
304878
304900
304921
304936
304949
304968
304988
305010
305025
305040
305054
305071
305090
305103
305118
305137
305159
305178
305193
305207
305227
305240
305255
305269
305287
305303
305324
305338
305356
305369
305385
305403
305424
305440
305461
305475
305494
305507
305527
305549
305568
305589
305608
305627
305642
305664
305678
305697
305715
305735
307524
308789
309564
309578
309598
309619
309639
309661
309678
309695
309715
309732
309752
309771
309787
309803
309816
309836
309857
309875
309892
309908
309921
309942
309956
309973
309993
310007
310021
310042
310056
310072
310089
310109
310131
310148
310162
310180
310200
310221
310238
310260
310277
310298
310320
310342
310364
310386
310400
310417
310430
310452
310466
310479
310495
310512
310529
310543
310559
310573
310594
310616
310632
310647
310663
310684
310703
310724
310737
310750
310771
310789
310811
310828
310847
310869
310890
310903
310916
310937
310954
311244
312345
313257
314785
315766
316519
316541
316560
316582
316599
316613
316634
316651
316667
316688
316708
316729
316742
316757
316770
316786
316799
316819
316835
316852
316873
316887
316907
316925
316944
316964
316978
316999
317017
317032
317053
317066
317083
317096
317110
317126
317145
317164
317182
317201
317223
317236
317249
317267
317287
317304
317326
317348
317363
317381
317400
317421
318024
320064
320832
321317
321954
321974
321994
322008
322029
322048
322066
322085
322103
322118
322133
322150
322163
322183
322200
322220
322238
322255
322269
322282
322299
322319
322338
322352
322370
322384
322399
322421
322442
322463
322485
322507
322528
322544
322561
322582
322604
322625
322640
322655
322675
322693
322707
322729
322748
322762
322778
322800
322816
322838
322859
322880
322895
322915
322929
322950
322965
322983
322996
323011
323025
323038
323059
323081
323103
323122
323143
323164
323179
323199
323213
323234
323256
323276
323293
323313
323329
323348
323367
323386
323404
323420
323433
323447
323460
323475
323496
323513
323534
323548
323568
323581
323603
323617
323634
323648
323666
323686
323702
323718
323731
323746
323764
323778
323793
323815
323830
323846
323864
323885
323905
323927
323940
323956
323975
323992
324014
324035
324049
324069
324084
324097
324113
324130
324149
324171
324187
324208
324228
324244
324259
324280
324298
324311
324329
324351
324372
324393
324406
324420
324434
324453
324470
324485
324505
324523
324539
324556
324571
324593
324606
324627
324647
324662
324680
324699
324718
324740
324758
324777
324790
324804
324821
324837
325186
326382
327383
327605
328585
329545
330713
330791
333000
334660
335182
335959
337068
337135
337970
339849
339921
340915
342433
342681
343292
344292
344757
345043
346660
346676
346692
346709
346731
346753
346775
346790
346806
346822
346839
346854
346867
346883
346897
346918
346935
346951
346973
346993
347015
347036
347058
347071
347091
347107
347122
347137
347154
347171
347184
347198
347219
347237
347250
347272
347294
347307
347321
347340
347357
347376
347390
347411
347432
347451
347467
347485
347504
347525
347538
347551
347573
347588
347606
347625
347640
347654
347674
347694
347715
347734
347752
347766
347779
347795
347810
347829
347846
347866
347887
347900
347913
347934
347953
347969
347988
348005
348020
348765
348783
348805
348823
348839
348860
348874
348893
348914
348928
348949
348963
348980
348995
349008
349028
349043
349059
349078
349096
349114
349129
349142
349156
349177
349193
349211
349230
349247
349264
349282
349303
349324
349341
349361
349379
349394
349414
349428
349441
349460
349474
349491
349510
349524
349540
349554
349569
349586
349602
349623
349638
349659
349679
349697
349715
349736
349755
349768
349785
349799
349817
349837
349859
349878
349893
349907
349922
349935
349953
349975
349997
350013
350027
350042
350056
350289
351378
352636
353457
353474
353490
353512
353531
353546
353562
353575
353591
353605
353623
353641
353655
353672
353691
353712
353732
353747
353762
353778
353798
353816
353834
353849
353869
353882
353899
353912
353925
353940
353955
353969
353988
354007
354020
354033
354046
354065
354085
354101
354115
354131
354146
354164
354180
354195
354217
354238
354255
354268
354284
354302
354319
354340
354355
354369
354383
354402
354416
354429
354448
354462
354477
354499
354519
354536
354556
354576
355832
355923
356406
358439
360463
361657
362896
363134
363155
363177
363197
363214
363231
363250
363270
363286
363304
363324
363341
363361
363382
363402
363419
363437
363451
363464
363483
363496
363513
363530
363543
363561
363575
363588
363607
363626
363639
363653
363670
363691
363708
363727
363749
363764
363781
363794
363810
363826
363845
363865
363887
363905
363925
363942
363955
363973
363988
364007
364026
364039
364059
364078
364097
364111
364130
364149
364165
364187
364205
364224
364237
364251
364266
364287
364307
364322
364338
365007
366512
367498
367511
367531
367547
367561
367581
367596
367609
367630
367643
367657
367674
367693
367713
367726
367741
367760
367782
367797
367815
367829
367851
367870
367890
367910
367929
367946
367965
367985
368003
368017
368036
368057
368072
368092
368112
368128
368144
368161
368175
368189
368206
368222
368242
368255
368271
368292
368307
368326
368344
368365
368380
368393
368408
368429
368447
368465
368484
368506
368524
368544
368564
368580
368593
368608
368624
368641
368663
368677
368699
368712
368734
368751
368767
368780
368798
368817
368835
368850
368866
368879
368897
368914
368931
368950
368968
368982
369001
369016
369034
369052
369065
369080
369097
369110
369123
369137
369150
369164
369178
369197
369211
369229
369248
369270
369288
369302
369319
369341
369359
369379
369392
369410
369432
369452
369465
369482
369503
369525
369547
369564
369586
369600
369620
369639
369661
369675
369697
369717
369733
369753
369769
369782
369796
369817
369837
369854
369868
369887
369901
369914
369935
369950
369963
369982
369998
370013
370032
370046
370918
371381
372191
373469
373849
373866
373888
373901
373923
373942
373963
373980
373993
374015
374030
374052
374072
374093
374106
374121
374135
374152
374171
374187
374204
374222
374242
374260
374276
374295
374312
374326
374342
374360
374380
374395
374411
374433
374873
374895
374912
374926
374948
374969
374984
375005
375027
375041
375056
375077
375095
375115
375133
375148
375164
375179
375193
375212
375234
375255
375275
375290
375309
375327
375340
375357
375379
375400
375414
375435
375449
375465
375484
375500
375515
375533
375552
375568
375588
375602
375616
375629
375646
375666
375686
375706
375720
375733
375750
375766
375786
375804
375824
375840
375859
375874
375891
375906
375919
375934
375954
375972
375988
376007
376028
376047
377830
379008
379023
379040
379062
379081
379094
379115
379133
379148
379168
379190
379212
379232
379249
379271
379292
379313
379332
379346
379366
379384
379404
379426
379443
379461
379483
379498
379517
379539
379553
379566
379580
379597
379617
379633
379647
379660
379676
379696
379715
379729
379747
379767
379782
379798
379815
379836
379851
379866
379883
379900
379916
379936
379954
379972
379992
380006
380022
380043
380064
380085
380102
380122
380136
380157
380171
380192
380206
380226
380248
380270
380283
380303
380318
380336
380350
380371
380390
381554
381757
383378
383781
384906
384922
384939
384953
384966
384987
385003
385024
385037
385053
385074
385090
385110
385128
385146
385166
385180
385197
385211
385226
385242
385259
385275
385293
385308
385321
385336
385353
385375
385394
385409
385425
385442
385464
385477
385497
385516
385531
385548
385563
385584
385603
385622
385640
385655
385674
385693
385707
385723
385739
385755
385775
385791
385807
385823
385844
385866
385879
385893
385910
385926
385947
385962
385979
385996
386018
386035
386049
386066
386082
386104
386118
386136
386152
386169
386185
386206
386224
386242
386260
386279
386300
386320
386341
386361
386377
386397
386412
386432
386450
386463
386485
386505
386519
386536
386554
386568
386581
386603
386621
386634
386650
386669
386687
386701
386720
386740
386759
386776
386794
386812
386825
386838
386851
386871
386886
386904
386921
386934
386949
386964
386978
386991
387011
387027
387043
387057
387070
387083
387105
387119
387141
387160
387182
387196
387218
387231
387247
387269
387291
387311
387330
387346
387362
387381
387396
387413
387431
387450
387467
387485
387507
387526
387545
387563
387577
387599
387612
387628
387646
387662
387678
387695
387715
387733
387751
387771
387793
387810
387825
387844
387866
387887
387908
387922
387944
387961
387979
387992
388013
388033
388048
388063
388082
388102
388122
388136
388156
388169
388183
388201
388218
388231
388244
388261
388280
388294
388315
388334
388352
388370
388389
388411
388433
389090
389840
389857
389879
389897
389910
389931
389948
389966
389979
389992
390005
390022
390038
390056
390070
390085
390105
390126
390142
390156
390172
390194
390211
390233
390252
390267
390287
390305
390327
390341
390355
390368
390387
390400
390419
390436
390454
390473
390492
390509
390523
390544
390559
390572
390585
390603
390618
390638
390659
390679
390701
390715
391052
391580
392121
392134
392155
392175
392190
392209
392228
392244
392266
392282
392301
392321
392339
392355
392376
392397
392410
392430
392449
392469
392483
392504
392526
392545
392564
392581
392596
392615
392637
392659
392675
392693
392714
392736
392751
392770
392785
392800
392820
392842
392860
392878
392897
392913
392929
392951
392972
392988
393005
393027
393042
393062
393077
393096
393114
393132
393153
393170
393185
393202
393224
393237
393258
393279
393297
393310
393331
393352
393373
393393
393411
393424
393439
393456
393471
393493
393514
393532
393550
393567
393581
393603
393622
393638
393654
393671
393685
393701
393723
393738
393755
393770
393783
393798
393814
393829
393845
393867
393881
393901
393917
393938
393956
393972
393993
394011
394026
394045
394061
394082
394098
394119
394136
394155
394170
394183
394198
394216
394229
394247
394267
394285
394299
394318
394337
394353
394374
394391
394408
394424
394444
394462
394483
394501
394522
394535
394549
394565
394587
394602
394624
394637
394659
394679
394696
394718
394735
394750
394768
394781
394802
394817
394830
394846
394860
394879
394895
394916
394930
394947
394964
394981
394999
395017
395030
395043
395062
395083
395098
395115
395137
395158
395179
395195
395215
395233
395248
395267
395280
395293
395314
395332
395346
395364
395385
395402
395420
395434
395448
395467
395483
395501
395514
395528
395549
396169
396836
397180
397331
398207
398222
398235
398254
398267
398288
398302
398319
398340
398359
398376
398395
398417
398435
398452
398471
398489
398510
398529
398551
398565
398587
398602
398615
398630
398643
398659
398679
398694
398712
398725
398742
398763
398777
398795
398811
398825
398845
398861
398876
398891
398905
398923
398943
398960
398977
398999
399018
399035
399057
399071
399088
399110
399130
399143
399164
399181
399200
399215
399230
399244
399259
399281
399294
399310
399328
399341
399363
399384
399399
399413
399426
399445
399463
399483
399505
399523
399541
399560
399575
399590
399604
399622
399643
399664
399678
399695
399716
399734
399747
399764
399777
399794
399810
399826
399842
399862
399876
399894
399908
399927
399941
399955
399973
399995
400017
400037
400053
400069
400090
400108
400123
400142
400161
400181
400196
400210
400227
400240
400254
400274
400295
400312
400333
400354
400375
400391
400413
400435
400454
400471
400488
400501
400515
400528
400550
400569
400591
400610
400626
400643
400658
400672
400692
400710
400731
400748
400768
400783
400796
400814
400827
400842
400863
400883
400901
400919
400932
400946
400967
400985
401002
401023
401041
401058
401078
401098
401111
401130
401149
401163
401178
401195
401208
401227
401247
401267
401284
401300
401317
401333
401351
401368
401384
401404
401419
401438
401451
401466
401485
401500
401513
401531
401550
401566
401586
401600
401620
401633
401655
401675
401694
401710
401725
401742
401763
401778
401791
401810
401829
401846
401862
401876
401896
401913
401931
401951
401968
401982
401995
402017
402031
402413
402429
402444
402458
402474
402490
402503
402524
402545
402563
402580
402597
402612
402630
402644
402657
402674
402693
402715
402732
402750
402767
402783
402801
402823
402836
402851
402867
402885
402898
402913
402930
402951
402968
402988
403007
403020
403034
403056
403070
403090
403103
403120
403135
403151
403170
403187
403200
403216
403234
403256
403271
403287
403308
403325
403346
403368
403387
403405
403424
403446
403467
403486
403503
403516
403530
403548
403561
403575
403687
404410
405883
406787
406804
406820
406839
406852
406866
406879
406899
406914
406932
406953
406972
406994
407010
407026
407041
407054
407073
407089
407110
407128
407146
407164
407179
407199
407215
407235
407256
407274
407294
407315
407422
409382
410181
410658
411311
412369
413327
413349
413364
413378
413393
413415
413436
413449
413462
413476
413490
413504
413524
413545
413565
413582
413604
413626
413645
413658
413678
413692
413705
413718
413740
413756
413774
413793
413806
413822
413843
413857
413878
413891
413911
413924
413943
413956
413973
413989
414006
414028
414047
414066
414080
414093
414106
414122
414141
414160
414178
414198
414212
414229
414246
414261
414276
414297
414313
414335
414352
414372
414390
414411
414431
414453
414470
414490
414505
414522
414537
414557
414579
414601
414617
414635
414653
414672
414692
414713
414730
414746
414761
414776
416628
416649
416662
416683
416700
416721
416736
416749
416768
416788
416808
416829
416845
416862
416875
416889
416909
416926
416943
416963
416980
416993
417008
417027
417049
417065
417083
417104
417119
417135
417149
417171
417184
417198
417219
417239
417260
418798
419839
421156
421809
422761
422778
422796
422809
422824
422846
422865
422879
422894
422908
422923
422941
422957
422979
422994
423016
423033
423047
423069
423089
423107
423123
423143
423164
423178
423193
423206
423225
423238
423257
423274
423295
423315
423336
423354
423373
423390
423404
423423
423436
423449
423468
423482
423499
423512
423530
423550
423567
423584
423602
423622
423641
423662
423684
423698
423718
423731
423744
423759
423780
423795
423811
423826
423840
423862
423880
423902
423915
423933
423946
423963
423976
423992
424011
424025
424039
424055
424068
424083
424098
424114
424135
424155
424177
424191
424204
424218
424239
424256
424269
424288
424302
424322
424341
424354
424370
424383
424404
424425
424439
424454
424472
424488
424508
424529
424542
424555
424574
424669
425013
425174
425921
426310
426818
427472
428185
428199
428219
428238
428257
428273
428288
428301
428322
428340
428355
428377
428398
428413
428430
428447
428469
428484
428503
428516
428538
428552
428573
428594
428607
428622
428642
428662
428679
428697
428714
428731
428753
428774
428793
428815
428837
428859
428878
428893
428909
428930
428943
428958
428976
428993
429010
429029
429044
429063
429080
429096
429113
429128
429146
429168
429183
429197
429214
429235
430538
431040
431487
432401
433480
434618
434967
434987
435007
435026
435044
435061
435077
435096
435118
435131
435151
435166
435182
435198
435213
435230
435250
435263
435284
435306
435320
435338
435354
435376
435395
435416
435437
435450
435465
435478
435500
435513
435530
435546
435561
435576
435598
435612
435627
435646
435663
435683
435703
435724
435740
435759
435773
435791
435804
435818
435837
435859
435879
435894
435910
435931
435949
435966
435987
437463
437484
437501
437517
437530
437550
437572
437585
437605
437624
437643
437658
437675
437693
437714
437732
437752
437773
437790
437810
437832
437854
437871
437884
437905
437923
437939
437954
437967
437989
438002
438017
438032
438048
438063
438077
438090
438106
438128
438141
438163
438184
438205
438222
438243
438261
438281
438301
438323
438341
438363
438377
438396
438413
438435
438450
438471
438493
438506
438523
438542
438556
438570
438591
438613
438630
438645
438658
438673
438691
438706
438728
438749
438764
438781
438796
438818
438836
438856
438871
438889
438911
438931
438946
438965
438982
438999
439016
439033
439051
439071
439090
439107
439128
439146
439165
439181
439199
439213
439235
439248
440199
441888
442168
442759
443086
443998
444017
444034
444055
444075
444093
444114
444132
444152
444169
444186
444207
444222
444238
444258
444271
444292
444306
444326
444348
444362
444382
444395
444416
444433
444454
444468
444482
444495
444511
444531
444550
444570
444592
444607
444625
444638
444660
444673
444695
444716
444734
444752
444769
444788
444810
444830
444847
444861
444874
444888
444907
444925
444941
444958
444979
445001
445019
445033
445048
445063
445085
445107
445126
445140
445157
445170
445192
445212
445227
445249
445265
445279
445295
445309
445327
445346
445363
445385
445398
445419
445432
445447
445462
445482
445497
445512
445534
445555
445576
445598
445617
445634
445649
445671
445691
445712
445729
445743
445764
445784
445802
445822
445839
445857
445876
445892
445908
447478
447981
447995
448010
448027
448048
448065
448084
448103
448116
448138
448159
448173
448188
448203
448223
448237
448253
448267
448282
448295
448313
448330
448346
448359
448375
448397
448414
448428
448450
448468
448488
448507
448520
448533
448555
448570
448810
448823
448844
448863
448880
448899
448917
448934
448951
448970
448990
449007
449022
449042
449055
449074
449087
449107
449127
449141
449163
449177
449198
449220
449241
449263
449281
449297
449316
449336
449353
449373
449388
449408
449428
449443
449458
449480
449495
449508
449528
449543
449563
449578
449594
449616
449634
449655
449672
449688
449704
449719
449733
449753
449775
449788
449809
449829
449842
449857
449870
449886
449901
449914
449936
449955
449976
449996
450016
450032
450052
450071
450091
450107
450124
450146
450162
450180
450198
450215
450237
450252
450269
450286
450302
450317
450337
450356
450377
450393
450412
450431
450445
450467
450486
450499
450513
450526
450866
451372
452376
452676
453047
454032
454956
455187
455201
455219
455236
455258
455277
455292
455306
455327
455341
455360
455382
455400
455415
455437
455451
455466
455480
455495
455511
455530
455550
455565
455580
455597
455614
455630
455643
455664
455682
455704
455724
455745
455765
455787
455801
455819
455832
455853
455874
455889
455909
455924
455941
455958
455973
455991
456011
458083
458364
458825
458936
459397
461344
462135
462496
464489
465300
465757
467193
467233
467556
468919
468993
470325
470824
471568
472419
472911
472927
472943
472965
472979
472993
473010
473023
473043
473056
473077
473095
473111
473130
473147
473161
473183
473196
473216
473237
473255
473270
473285
473303
473322
473340
473355
473370
473383
473399
473416
473430
473452
473472
473487
473509
473526
473548
473566
473583
473596
473611
473631
473645
473666
473684
473704
473721
473739
473752
473769
473789
473803
473820
473838
473859
473878
473893
473913
473927
473949
473963
473985
474004
474026
474047
474060
474079
474100
474122
474140
474154
474173
474190
474205
474225
474244
474259
474276
474290
474311
474333
474353
474371
474390
474403
474419
474440
474455
474468
474484
474502
474519
474541
474555
474572
474590
474609
474628
474646
474666
474679
475762
476073
476254
477267
479526
479921
481184
481263
481739
482187
483344
484705
485111
486015
486337
487018
487391
487410
487426
487443
487464
487479
487496
487514
487528
487549
487568
487590
487605
487621
487642
487658
487674
487688
487706
487726
487746
487766
487786
487808
487824
487843
487857
487873
487887
487905
487927
487944
487963
487976
487993
488012
488025
488043
488057
488075
488090
488111
488129
488146
488168
488186
488199
488221
488235
488251
488271
488293
488307
488320
488335
488357
488379
488399
488419
488437
488454
488468
488486
488502
488521
488538
488557
488574
488589
488609
488627
488644
488659
488678
488699
490285
490405
490853
491825
493835
494027
494042
494058
494077
494092
494107
494122
494142
494161
494177
494192
494211
494228
494245
494263
494285
494299
494315
494329
494350
494368
494385
494399
494415
494437
494451
494466
494487
494508
494521
494542
494561
494577
494591
494608
494627
494644
494665
494685
494707
494726
494742
494757
494777
494794
494809
494828
494843
494865
494885
494904
494926
494946
494966
494984
495004
495024
495041
495061
495076
495092
495106
495126
495148
495166
495182
495200
495215
495233
495250
495270
495287
495301
495318
495339
495357
495379
495398
495417
495431
495452
495469
495486
495505
495518
495534
495553
495566
495580
495600
495621
495643
495665
495681
495701
495715
495729
495745
495763
495784
495798
495820
495838
495854
495875
496831
497816
497835
497853
497871
497889
497910
497926
497940
497954
497969
497989
498005
498023
498040
498062
498078
498095
498108
498123
498143
498157
498172
498192
498212
498225
498242
498258
498277
498296
498318
498340
498362
498377
498398
498420
498434
498453
498469
498490
498505
498520
498535
498550
498568
498581
498600
498618
498634
498649
498665
498680
498702
498721
498737
498753
498775
498789
498802
498823
498839
498854
498868
498890
498909
498922
498941
498961
498975
498989
499007
499024
499043
499065
499086
499102
499124
499138
499154
499173
499195
499213
499226
499247
499263
499282
499301
499323
499343
499365
499385
499406
499425
499438
499451
499467
499480
499497
499510
499528
499544
499566
499580
499595
499615
499633
499650
499672
499690
499711
501256
501520
501535
501552
501570
501587
501603
501624
501641
501662
501681
501698
501711
501726
501748
501763
501778
501795
501808
501825
501841
501860
501882
501896
501909
501923
501939
501956
501975
501995
502009
502024
502040
502058
502071
502089
502107
502129
502142
502157
502170
502192
502214
502233
502251
502269
502284
502299
502313
502332
502354
502376
502389
502408
502424
502446
502459
502472
502489
502511
502525
502539
502559
502577
502597
502615
502637
502654
502671
502693
502706
505012
506819
507748
507767
507782
507798
507813
507832
507845
507865
507887
507900
507913
507931
507949
507964
507985
507998
508019
508035
508054
508075
508094
508114
508131
508146
508159
508177
508199
508217
508233
508246
508265
508278
508297
508318
508338
508351
508364
508381
508399
508412
508426
508441
508462
508478
508493
508509
508523
508540
508560
508577
508595
508861
508939
508955
508968
508988
509010
509031
509052
509072
509093
509115
509129
509149
509167
509188
509208
509227
509249
509262
509281
509299
509320
509338
509359
509374
509389
509402
509422
509440
509456
509475
509492
509514
509536
509551
509570
509583
509604
509625
509641
509662
509682
509697
509710
509724
509738
509758
509778
509799
509817
509835
509855
509871
509891
509907
509921
509940
509960
509975
509997
510018
510033
510055
510070
510086
510108
510124
510141
510162
510179
510201
510220
510236
510254
510269
510286
510304
510317
510337
510357
510370
510386
510408
510424
510443
510461
510475
510494
510509
510527
510540
510557
510578
510593
510613
510631
510652
510672
510692
510714
510736
510752
510773
510792
510813
510827
510849
510862
510878
510895
510915
510928
510944
510960
510982
511002
511020
511034
511053
511067
511080
511102
511120
511142
511159
511179
511199
511216
511238
511252
511268
511282
511300
511320
511339
511354
511370
511386
511403
511419
511437
511450
511471
511485
511500
511518
511532
511550
511563
511577
511598
511620
511634
511649
511670
511690
511711
511724
511744
511763
511785
511798
511817
511835
511848
511868
511882
511900
511917
513421
515508
515547
517162
518739
520953
522755
525111
525133
525149
525166
525181
525203
525217
525232
525245
525261
525283
525296
525310
525331
525345
525358
525372
525388
525402
525419
525440
525454
525473
525488
525502
525522
525535
525551
525571
525591
525604
525624
525643
525657
525672
525689
525711
526163
526178
526197
526210
526227
526249
526268
526289
526302
526321
526340
526359
526380
526399
526414
526428
526441
526462
526476
526497
526513
526532
526550
526566
526579
526598
526619
526633
526650
526672
526694
526708
526730
526743
526756
526777
526794
526815
526832
526845
526862
526877
526896
526909
526927
526940
526956
526971
526993
527013
527033
527900
527917
527933
527950
527970
527984
528006
528019
528036
528052
528073
528093
528114
528133
528149
528164
528184
528197
528219
528240
528254
528276
528289
528309
528328
528345
528366
528388
528401
528419
528440
528456
528476
528491
528504
528518
528539
528555
528569
528583
528598
528620
528635
528649
528662
528675
528695
528716
528737
528753
528766
528788
528804
528818
528834
528850
528868
528885
528898
528915
528936
528951
529556
529574
529596
529609
529626
529641
529662
529677
529696
529716
529733
529753
529769
529787
529804
529823
529845
529866
529884
529898
529917
529935
529955
529973
529992
530014
530029
530047
530062
530080
530099
530116
530135
530157
530176
530194
530213
530232
530249
530271
530291
530307
530326
530347
530362
530378
530394
530407
530427
530445
530461
530480
530495
530513
530530
530547
530563
530578
530596
530615
530637
530658
530679
530693
530706
530727
530743
530756
530775
530794
530807
530829
530851
530866
530882
530897
530915
530929
530950
530969
530984
531000
531015
531030
531051
531067
531082
531101
531118
531134
531155
531175
531192
531208
531223
531243
531261
531276
531297
531313
531328
531350
531367
531381
531400
531422
531444
531465
531479
531499
531519
531541
531554
531567
531589
531610
531627
531648
531663
531682
531695
531712
531731
531747
531761
531783
531798
531818
531833
531846
531865
531883
531897
531912
531933
531955
531973
531994
532014
532031
532053
532072
532086
532108
532125
532147
532168
532182
533118
533137
533157
533170
533191
533206
533225
533244
533262
533278
533292
533312
533332
533346
533367
533387
533402
533419
533440
533454
533468
533488
533509
533527
533547
533568
533587
533601
533616
533632
533653
533666
533686
533701
533718
533736
533753
533771
533791
533807
533827
533845
533860
533874
533892
533911
533928
533948
533963
533977
533996
534013
534026
534040
534056
534077
534096
534111
534131
534151
534171
534187
534205
534220
534241
534259
534280
534302
534320
534339
534355
534370
534384
534404
534420
534439
534458
534479
534496
534514
534530
534543
534556
534576
534595
534613
534626
534647
534665
534681
534698
534711
534731
534753
534766
534779
534801
534816
534836
534849
534863
534883
534896
535214
535236
535250
535268
535284
535301
535316
535329
535347
535365
535384
535403
535418
535438
535457
535479
535492
535507
535523
535538
535558
535574
535587
535606
535624
535642
535657
535675
535691
535707
535722
535738
535760
535777
535799
535821
535837
535852
535869
535885
535903
535924
535938
535957
535976
535995
536015
536034
536049
536066
536082
536099
536115
536208
536225
536239
536255
536269
536285
536299
536313
536335
536348
536364
536379
536395
536410
536430
536448
536469
536486
536505
536527
536547
536560
536578
536592
536611
536631
536649
536668
536686
536702
536718
536736
536755
536770
536791
536805
536826
536844
536862
536878
536895
536914
536935
537287
538708
539236
539671
539699
540373
540476
540495
540513
540533
540553
540575
540595
540613
540635
540652
540665
540684
540700
540717
540733
540754
540770
540785
540805
540821
540840
540860
540882
540896
540912
540928
540949
540963
540982
540998
541015
541030
541051
541068
541087
541106
541122
541135
541157
541173
541193
541207
541223
541238
541251
541264
541283
541299
541312
541325
541338
541352
541373
541389
541407
541421
541434
541453
541471
541491
541507
541529
541551
541572
541592
541606
541623
541645
541664
541678
541693
541706
541721
541735
541753
541773
541789
541804
541822
541842
541861
541875
541894
541908
541929
541950
541971
541993
542006
542022
542041
542055
542068
542088
542103
542125
542146
542159
542175
542190
542206
542223
542242
542260
544070
545345
546488
546586
546604
546621
546639
546652
546670
546691
546706
546719
546739
546758
546771
546791
546806
546826
546842
546862
546884
546905
546925
546947
546967
546987
547004
547022
547039
547055
547075
547090
547105
547122
547135
547148
547168
547187
547209
547225
547238
547260
547280
547296
547312
547326
547342
547361
547376
547390
547408
547429
547449
547465
547483
547503
547519
547533
547552
547567
547587
547600
547618
547640
547661
547679
547695
547713
547728
547743
547765
547784
547800
547814
547835
547848
547865
547884
547898
547914
547929
547944
547960
547982
547998
548020
548037
548050
548072
548089
548105
548121
548134
548151
548169
548183
548199
548214
548228
548242
548262
548994
549238
549442
549462
549479
549492
549512
549534
549547
549568
549589
549609
549624
549640
549659
549681
549696
549712
549729
549745
549767
549785
549801
549823
549839
549854
549869
549885
549898
549918
549935
549957
549975
549997
550011
550027
550046
550059
550074
550091
550109
550123
550144
550166
550187
550205
550219
550233
550255
550277
550552
551707
551750
552640
553321
554002
554329
555209
555724
557317
557638
557676
557919
559450
560954
561615
562559
564895
566633
567197
568956
569012
570791
570981
570994
571016
571038
571058
571075
571095
571117
571136
571150
571168
571184
571206
571226
571244
571260
571273
571294
571316
571332
571353
571366
571380
571402
571419
571440
571457
571475
571492
571513
571533
571554
571572
571592
571613
571635
571651
571665
571685
571706
571726
571748
571766
571781
571802
571816
571832
571854
571875
571894
571916
571932
571946
571960
571976
571995
572011
572030
572044
572058
572071
572085
572100
572117
572132
572154
572169
572188
572209
572230
572244
572264
572277
572296
572315
572328
572343
572356
572369
572382
572400
572415
572432
572450
572463
572481
572496
572510
572523
573130
573153
574712
575688
575775
576694
576782
578036
578659
579414
581107
583020
585299
585553
587535
587853
588254
588430
588810
589810
590320
591002
591311
593198
593742
593894
596051
598339
599104
600750
602065
602740
603498
603529
603547
604340
604355
604369
604390
604409
604427
604446
604461
604474
604493
604506
604522
604538
604559
604577
604591
604611
604628
604643
604658
604674
604692
604713
604732
604754
604773
604790
604803
604821
604837
604855
604875
604895
604916
604938
604952
604972
604993
605010
605030
605043
605060
605080
605100
605116
605135
605152
605171
605189
605211
605233
605246
605261
605281
605294
605309
605326
605342
605362
605383
605396
605418
605435
605449
605470
605488
605504
605519
605532
605549
605569
605588
605609
605631
605646
605661
605677
606155
606326
606758
608852
609706
609919
610460
611236
612393
612415
612429
612444
612459
612477
612499
612520
612542
612563
612584
612600
612613
612635
612651
612669
612690
612709
612724
612746
612768
612783
612802
612815
612836
612858
612877
612898
612918
612939
612961
612982
613000
613020
613040
613055
613073
613087
613102
613268
613456
614312
615981
617426
618380
618398
618418
618431
618448
618466
618482
618498
618511
618532
618546
618567
618589
618606
618627
618646
618664
618682
618703
618718
618737
618750
618764
618783
618801
618817
618834
618849
618865
618882
618904
618920
618934
618949
618966
618983
618999
619021
619035
619050
619063
619076
619094
619110
619123
619136
619150
619169
619184
619197
619215
619231
619245
619266
619284
619300
619319
619339
619357
619374
619392
619408
619422
619436
619450
619463
619478
619499
619515
619531
619550
619565
619579
619600
619622
619635
619651
619670
619690
619703
619717
619733
619746
619761
619782
619802
619818
619834
619849
619869
619889
619908
619922
619944
619960
619973
619986
620000
620018
620038
620053
620074
620092
620106
620123
620143
620163
620184
620959
621527
621902
622363
623178
624850
625621
625636
625657
625672
625686
625699
625720
625740
625759
625776
625790
625804
625820
625840
625862
625875
625896
625916
625934
625950
625970
625991
626013
626029
626046
626062
626083
626102
626121
626139
626158
626174
626195
626208
626223
626240
626253
626268
626288
626304
626322
626341
626355
626376
626397
626412
626428
626651
628889
630022
630416
632390
633150
633786
633930
633984
635958
636334
637519
638670
640530
640547
640568
640584
640600
640615
640636
640655
640670
640685
640701
640721
640741
640762
640777
640791
640807
640829
640848
640868
640882
640897
640910
640926
640940
640957
640979
640999
641021
641039
641057
641077
641098
641118
641138
641155
641169
641183
641196
641217
641239
641253
641273
641291
641312
641334
641353
641371
641389
641404
641421
641443
641464
641484
641506
641521
641536
641551
641566
641580
641601
641620
641637
641652
641666
641687
641703
641720
641741
641754
641771
641789
641808
641822
641835
641857
641879
641897
641918
641932
641950
641967
641983
641998
642012
642029
642048
642069
642090
642104
642120
642142
642158
642179
642197
642210
642223
642242
642258
642274
642287
642301
642319
643300
644145
645913
646470
648266
648295
648441
649441
650159
651147
651163
651178
651199
651215
651236
651256
651269
651282
651298
651319
651334
651354
651374
651393
651408
651428
651446
651460
651479
651498
651513
651529
651551
651573
651591
651613
651629
651646
651663
651677
651692
651707
651723
651737
651750
651767
651788
651808
651827
651842
651855
651872
651885
651900
651919
651938
653244
653866
654283
655253
655271
655293
655307
655324
655344
655366
655383
655400
655414
655436
655455
655471
655491
655511
655528
655549
655571
655584
655603
655623
655645
655663
655684
655706
655723
655742
655758
655772
655792
655813
655829
655842
655855
655875
655895
655908
655929
655949
655962
655977
655996
656017
656037
656055
656077
656096
656116
656130
656145
656162
656178
656200
656214
656236
656251
656268
656287
656309
656328
656349
656363
656384
656399
656413
656431
656452
656466
656479
656495
656515
656530
656552
656568
656583
656599
656614
656630
656644
656666
656681
656697
656712
656727
656744
656761
656779
656796
656818
656838
656856
656869
656886
656899
656912
656934
656954
656968
656984
657005
657021
657035
657054
657068
657085
657107
657476
658147
658722
658932
658948
658962
658978
658998
659020
659039
659052
659068
659089
659108
659123
659139
659158
659178
659192
659213
659235
659253
659274
659296
659310
659330
659350
659365
659382
659399
659415
659435
659457
659470
659486
659504
659526
659545
659564
659584
659599
659619
659632
659654
659674
659690
659711
659726
659744
659761
659774
659787
659809
659826
659848
659869
659891
659913
659935
659956
659972
659986
660003
660021
660038
660052
660071
660084
660106
660128
660145
660165
660183
660197
660211
661534
662175
662191
662207
662225
662245
662262
662277
662294
662309
662328
662347
662363
662383
662402
662415
662436
662452
662472
662494
662510
662532
662554
662576
662592
662606
662621
662642
662663
662680
662697
662713
662731
662753
662766
662785
662807
662826
662842
662855
662873
662889
662904
662922
662944
662961
662976
662998
663016
663033
663054
663069
663085
663106
663120
663137
663150
663166
663182
663197
663218
663236
663257
663273
663292
663307
663327
663347
663369
663387
663403
663418
663432
663446
663465
663483
663500
663516
663530
663552
663565
663581
663599
663613
663635
663650
663670
663683
663696
663717
663736
663753
663775
663790
663812
663827
663841
663863
663877
663890
663907
663928
663943
663959
665544
666551
666744
667356
667585
667598
667618
667639
667657
667678
667697
667719
667734
667754
667770
667791
667810
667828
667843
667862
667876
667894
667912
667931
667947
667967
667982
668002
668020
668038
668060
668074
668090
668104
668125
668145
668165
668187
668205
668225
668243
668261
668280
668299
668319
668332
668354
668374
668393
668408
668422
668436
668449
668468
668485
668502
668524
668538
668558
668573
668593
668611
668626
668648
668664
668679
668694
668711
668726
668741
668754
668769
668789
668804
668819
668837
668859
668873
668887
668902
668915
668932
668954
668972
668986
669003
669019
669033
669048
669065
669080
669098
669113
669135
669153
669172
669187
669204
669226
669241
669261
669281
669298
669665
670873
671844
672072
672320
673493
673572
673585
673604
673624
673638
673657
673671
673691
673706
673723
673737
673752
673774
673789
673806
673820
673833
673846
673862
673883
673900
673919
673939
673952
673972
673989
674011
674025
674038
674060
674075
674092
674113
674130
674151
674165
674185
674207
674229
674246
674260
674281
674302
674324
674343
674357
674372
674387
674408
674430
674447
674466
674488
674509
674528
674541
674558
674571
674591
674611
674627
674640
674653
674674
674696
674710
674731
674752
674772
674787
674800
674815
674829
674844
674864
674886
674900
674916
674936
674954
674970
674988
675009
675023
675044
675061
675074
675096
675117
675132
675147
675161
675181
675197
675210
675227
675244
675265
675284
675297
675314
675330
675350
675364
675385
675406
675420
675434
675452
675465
675483
675503
675519
675541
675560
675582
675598
675616
675634
675656
675674
675689
675709
675727
675747
675769
675786
675799
675820
675839
675855
675873
675895
675911
675926
675943
675962
675984
675999
676018
676039
676059
676080
676100
676119
676137
676156
676171
676186
676207
676223
676243
676263
676283
676302
676315
676336
677438
677515
678970
679137
679691
679992
680501
681644
683394
684592
685769
685786
685803
685820
685840
685857
685874
685893
685908
685922
685938
685951
685970
685992
686011
686033
686046
686067
686084
686106
686125
686140
686162
686182
686204
686223
686243
686261
686279
686294
686310
686325
686339
686352
686365
686384
686399
686419
686438
686452
686466
686483
686500
686518
688264
688279
688298
688315
688330
688344
688361
688376
688397
688413
688433
688453
688469
688491
688511
688524
688541
688555
688573
688591
688606
688624
688646
688665
688680
688699
688712
688726
688741
688756
688777
688799
688817
688830
688847
688864
688886
688900
688917
688931
688952
688974
688988
689007
689022
689038
689051
689068
689085
689105
689124
689140
689162
689182
689197
689315
690366
691126
691190
691206
691220
691235
691252
691272
691293
691312
691334
691356
691376
691389
691406
691419
691436
691454
691469
691487
691502
691520
691536
691554
691576
691589
691607
691622
691640
691653
691673
691689
691704
691723
691739
691755
691771
691789
691808
691822
691841
691857
693439
693454
693474
693490
693510
693526
693544
693562
693576
693593
693615
693631
693651
693670
693690
693707
693726
693746
693767
693781
693796
693811
693825
693846
693862
693883
693898
693920
693938
693956
693969
693989
694005
694025
694040
694058
694078
694093
694109
694127
694147
694166
694188
694208
694221
694243
694261
694276
694291
694309
694327
694341
694360
694381
694398
694414
694428
694446
694465
694478
694500
694516
694532
694554
694573
694591
694604
694623
694641
694661
694674
694688
694707
694727
694749
694767
694787
695088
695897
697217
697386
698489
698658
699251
699877
699902
700205
700881
701674
703179
704519
704938
706082
706426
706531
706686
707701
708849
710132
710150
710165
710178
710198
710214
710229
710242
710262
710284
710300
710316
710331
710352
710370
710383
710396
710416
710438
710455
710475
710494
710511
710525
710539
710558
710575
710588
710605
710625
710638
710659
710677
710691
710709
710722
710740
710760
710777
710796
710811
710824
710841
710859
710872
710889
710903
710921
710938
710960
710979
710996
711009
711026
711048
711069
711083
711104
712454
712468
712486
712500
712514
712529
712544
712558
712576
712590
712604
712623
712639
712661
712679
712698
712713
712727
712749
712763
712777
712799
712812
712831
712849
712865
712879
712898
712919
712935
712955
712970
712990
713003
713024
713046
713068
713085
713104
713124
713144
713160
713181
713199
713218
713235
713251
713267
713287
713302
713316
713338
713353
713375
713396
713410
713432
713451
713472
713486
713499
713513
713533
713555
713574
713594
713609
713624
713640
713659
713672
713692
713711
713724
713737
713752
713766
713784
713803
713819
713834
713852
713874
713890
713905
713921
713936
713951
713968
713986
714001
714020
714038
714055
714076
714094
714107
714129
714146
714163
714185
714201
714214
714232
714254
714273
714289
714303
714480
714850
715199
716102
716911
717212
718217
718547
719742
719774
720424
720923
721021
721933
722889
722905
722926
722941
722954
722968
722981
722998
723015
723028
723042
723063
723081
723098
723111
723133
723152
723168
723190
723212
723232
723250
723264
723285
723298
723317
723335
723354
723368
723387
723402
723419
723441
723460
723473
723488
723504
723521
723540
723560
723582
723596
723609
723626
723643
723660
723673
723695
723713
723730
723743
723764
723780
723800
723820
723839
723857
723872
723888
723906
723920
723936
723957
723977
723990
724006
724019
724032
724047
724068
724081
724096
724117
724138
724151
724167
724184
724197
724212
724234
724636
724695
726398
726420
726440
726458
726479
726500
726515
726534
726547
726568
726582
726598
726615
726633
726654
726674
726695
726712
726725
726744
726758
726771
726791
726805
726822
726837
726859
726881
726903
726921
726942
726964
726977
726993
727013
727035
727051
727071
727093
727113
727128
727142
727158
727174
727194
727214
727234
727247
727269
727285
727304
727322
727335
727352
727365
727387
727400
727419
727432
727730
727919
727947
728593
729446
729835
731690
732151
733335
733811
734462
736696
738408
740804
741844
742067
742425
743176
744309
744445
745278
746478
747518
748485
748501
748519
748537
748556
748569
748584
748606
748625
748643
748660
748677
748696
748718
748739
748753
748774
748796
748817
748838
748855
748874
748896
748914
748932
748945
748962
748976
748990
749008
749022
749044
749061
749074
749094
749114
749131
749145
749164
749186
749201
749217
749236
749254
749270
749289
749308
749322
749337
749354
749368
749383
749396
749412
749429
749446
749464
749478
749492
749512
749531
749553
749571
749589
749607
749629
749647
749666
749686
749703
749723
749745
749760
749773
749786
749799
749820
749839
749855
749874
749895
749916
749931
749948
749968
749982
749997
750018
750101
750115
750132
750145
750164
750178
750199
750219
750238
750258
750272
750287
750301
750322
750342
750358
750377
750391
750411
750424
750444
750461
750477
750491
750506
750521
750541
750554
750576
750589
750603
750625
750644
750661
750680
750702
750718
750733
750751
750771
750787
750805
750825
750846
750865
750879
750899
750915
750937
750953
750967
750982
751000
751013
751033
751051
751069
751089
751107
751128
751144
751164
751183
751196
751216
751238
751251
751269
751291
751310
751326
751339
751359
751378
751398
751418
751435
751455
751472
751489
751502
751524
751541
751554
751571
751584
751603
751625
751645
751658
751677
751697
751712
751733
751751
751766
751782
751795
751810
751828
751844
751862
751875
751892
751905
751921
751937
751956
751973
751989
752007
752028
752045
752061
752080
752101
752120
752140
752159
752173
752190
752209
752225
752244
752263
752284
752304
752317
752332
752348
752363
752381
752400
752420
752434
752450
752465
752486
752502
752516
752531
752549
752566
752579
752594
752607
752629
752650
752665
752678
752699
752719
752737
752758
752776
752792
752808
752822
752841
752861
752879
752895
752915
752935
752948
752965
752980
753001
753020
753034
753051
753071
753091
753107
753129
753144
753161
753178
753199
753218
753236
753252
753268
753288
753310
753332
753345
753359
753377
753536
754948
755683
756238
756614
757869
758498
759537
760512
761986
762223
764600
766616
768145
768905
769617
769640
771984
772434
772646
774521
775118
776955
777397
778118
779038
779133
779210
780393
780467
782045
784113
784985
785677
785880
786600
787990
789200
790523
790736
791138
791626
793058
793588
794052
794366
795043
795436
796915
796954
797181
797199
797213
797228
797241
797263
797277
797292
797307
797329
797342
797364
797379
797398
797413
797435
797449
797467
797485
797506
797528
797544
797561
797581
797602
797621
797637
797659
797675
797694
797711
797724
797746
797760
797777
797799
797821
797836
797855
797869
797889
797905
797924
797942
797958
797978
797997
798018
798034
798052
798074
798090
798106
798123
798138
798155
798172
798190
798212
798232
798252
798265
798286
798308
798327
798343
798362
798379
798400
798422
798438
798457
798473
798492
798513
798527
798549
798567
798580
798597
798610
798628
798648
798664
798685
798700
798720
798736
798758
798775
798789
798803
800645
801409
801991
802532
803047
805172
806340
806673
807745
808307
808828
809567
810485
811530
812081
812166
812376
813320
814158
816382
817496
819071
819612
820473
820838
821858
822253
823228
824261
825880
826608
827256
827506
829412
830065
831857
833988
834244
834574
835551
835659
836970