35409
10694
-53284
-65111
-82048
-94281
13469
-93142
-82842
26299
70042
-25604
3442
33556
-49458
60460
8442
-76242
86110
-74522
-27542
54345
49982
49996
89042
-86142
48942
-6538
65042
29142
5719
16542
19209
-83864
79510
-17468
28796
-87042
-90635
51309
17525
76342
-27816
-50416
38540
37939
-79042
-92842
49818
19892
50048
94842
4108
-44842
-40528
-8501
-76796
-15864
50568
-64142
-82836
98542
20642
-83106
59215
-81442
33110
-3512
16942
-48865
68292
-49042
-50642
72600
-83644
-29882
42242
-54646
-88830
89268
40079
-36442
-47942
95125
18789
11366
98225
-52150
-50000
71142
88950
-80761
6859
-28974
75615
-13344
46642
71042
-45342
-10215
76942
7500
-85542
-76690
15126
-51042
38542
59155
49324
-96142
40485
80585
-60605
76842
-3494
-87818
-81716
-81742
46042
85584
78035
79242
-84542
4442
49189
37442
88879
88259
83828
-98242
-44342
17129
82504
25442
-28942
-50942
-2715
-71628
21899
24658
-71242
25542
34484
-79072
-13180
-5696
-1406
79642
89365
-62421
36542
-85864
64542
6250
11942
25550
-6711
19446
71370
18942
12169
48416
-57002
-97106
-48614
-62421
92196
73082
64968
62842
-94288
99102
-35642
-77058
-5501
-87242
20688
-90230
-48380
-88042
-7455
37658
-55442
79334
-97542
86399
64124
-67546
11390
-79752
65894
-23400
-97320
-24642
32630
-37844
65842
97979
6214
-77971
23614
-38442
62810
-5060
-8535
-11126
-47642
-73242
-71700
-24065
-2342
88536
6935
92944
28949
-86142
-28821
-34732
-60398
-8950
36342
60128
41842
5232
-71925
-64842
-62242
22142
96649
-52152
67276
55120
-26021
83542
18442
36042
-31514
31642
-43442
-58511
-80094
70338
15582
-80835
16512
-9055
49385
-71548
-64168
38909
6914
46405
-8964
-56854
-73305
54432
10842
-13042
24656
-22878
63606
-95374
96945
80242
88742
-71832
-1942
-45542
59698
-97942
-7542
98234
-85906
-33154
-72146
-84745
-5242
-65242
54890
-84264
-56484
-21545
-63514
48342
-11645
-7842
18942
-92876
73642
-95675
-53642
3342
62478
-12580
78842
16256
44885
-3860
78008
49192
96352
3842
40555
38058
70654
-65158
19942
-90175
86082
68842
-63264
71242
39558
-35246
-55442
17116
-92042
-55842
95688
-1342
-16858
75314
-3142
-30342
81999
-23468
-21156
-37095
24942
17842
-75091
-7142
-98721
86479
-57756
83192
87959
-99642
-24745
9392
13242
80542
-43842
31045
63642
-31260
-36872
-13854
72786
5346
62069
7984
68470
-88442
81978
-92842
80476
-12890
-83496
-28042
64042
24642
-18932
49995
94614
94142
-40531
-62435
-48200
-66095
59055
9219
-85904
62442
-82408
-23742
95442
-54102
90746
38682
12128
-98481
58565
55682
29542
-15261
20042
73065
-30120
-43142
-42431
-90610
18476
-43442
83742
-57621
-86076
67142
69670
-54081
-84542
-90648
5745
83594
-28024
-98570
-71542
-66242
74752
-53966
65792
-89296
-39242
45728
-77694
56375
96642
8909
91960
-23045
-87146
-65020
87554
19612
-45826
57442
10994
-12344
54179
-83200
-28132
-39816
-50484
97058
29680
41164
29586
42125
-83642
29910
27408
67448
-77742
-71195
-66342
34662
8724
13542
69378
35642
83936
-29841
-956
-42742
-55482
48242
-19780
-32942
54342
-48291
96396
-80475
-43568
85440
78359
3542
71549
14620
-32830
47772
52042
69965
-45160
7190
-38242
-42770
-86400
33142
-220
76216
-26120
40212
-51795
-63296
92638
93570
60568
-10856
-36558
76342
-12684
-57834
34510
11435
56740
28592
-41842
-17321
71488
-70242
-32442
-86701
63050
-27842
89300
-57865
-63242
-5556
20035
-23642
32034
-62011
22942
84905
-46724
-22980
71042
91542
-59242
-92544
63642
-74701
86869
31685
-342
-11168
-26976
-8426
-12160
-27642
60442
40542
92642
5559
84576
52542
-37890
-4944
-12442
15542
64315
97508
-91042
96292
-7930
-75071
39394
84006
-78442
46730
81742
55434
83566
-77394
27344
-13318
-96296
-38316
-28542
93340
-52174
-8992
-84642
96932
1336
-68052
-83608
89142
-56292
78686
26525
-10041
9809
-28801
-22942
91042
9642
31042
16412
50742
-68204
-67154
-2204
-37746
-50168
61126
-14251
-22071
28859
-63142
-24948
46634
95588
55986
16162
-93714
-27821
-57135
37846
-50642
-505
-30184
-27104
-67042
32142
-92542
79788
3628
-92142
-50656
14880
-89740
-69748
-96616
-61042
46950
20356
-65902
-41942
75884
74542
32842
95542
89390
23664
-27290
34238
-99390
9042
37616
-19721
-47985
84662
14242
74182
81424
61314
24998
9642
26210
82742
79946
-87408
76542
-51881
64459
-55720
43415
80486
46924
-37876
87520
37342
-86338
91059
-96314
66542
54675
-45852
-53575
-89342
-48812
-2842
-5534
72062
-79091
-58742
-79294
64908
-30342
-67042
-44596
-9552
58754
-15588
-3974
-61142
55484
-85294
75926
-96122
-23455
34642
-84091
44308
81924
65479
-28461
23658
-92255
95328
93042
-97126
-56655
-52242
-11332
-35355
-9138
47842
-79610
15999
-88978
33032
-645
-72542
-57894
55584
64158
-54234
17055
67160
57642
51119
-65772
24568
21195
22942
19342
48022
93754
1470
-69642
-4054
-34536
-10395
-69081
-52654
76068
91484
63034
-29078
639
-92680
41442
70552
79642
51542
-95152
-18242
8742
43624
76342
-79232
65446
-378
-19798
-11654
-25162
79842
46949
-79118
-21950
50739
57842
-3300
-36642
-67242
39142
-12742
29030
-60336
-36942
-56425
-10526
-34808
-44142
92875
-68122
63748
3625
19515
-59966
-31186
34814
87142
-20986
-24400
59042
-43618
53342
73959
-91458
62544
-27642
-67742
68814
55942
95242
-70800
-79118
624
94969
69742
-49131
44439
58904
-93842
15432
-91254
-67542
-28978
-5478
-24342
48046
-9261
-97115
5252
-4245
-96186
-61142
52654
-66626
77842
48858
-22076
-4742
-98060
-78322
-44500
-72836
4342
-49266
-59885
34342
3112
-90595
66014
95304
-88048
19942
85590
-3914
-41542
69442
92529
50442
-90142
8106
74158
-56468
25665
14475
14094
-72606
82848
51242
-82942
35922
64932
53996
43042
-76792
-82142
-9206
-53242
-14725
98584
58742
-52671
-47830
95009
21338
47542
-37656
-5142
-46742
13258
82095
-86848
-46742
72189
-66035
60619
89459
-31836
-20231
-1951
-58828
-89118
96792
26274
-98300
37849
-49288
49189
-54594
48742
-73481
-81388
94128
-94525
-88906
15678
-99642
-9938
-10242
57742
-43416
-85242
78722
70360
-71738
88342
-76121
-11678
-2790
97342
-56956
-61142
-41961
-20608
33170
-64714
52769
-51631
15568
-4286
-69722
60042
-36942
-856
19142
94519
-70842
23758
-18684
3894
-58716
79342
41042
73695
-48498
30785
-94835
47168
-54842
-91202
82945
-65861
88642
-39570
-45448
-77142
58942
-66662
54482
-15555
24142
28640
-67542
82379
-93458
41194
36519
61942
-63342
35342
5944
96654
93222
46042
-65442
24369
-83750
-89842
-53575
-9676
-65142
42586
-99680
-30111
3205
12665
-82242
-80971
34555
95545
-37342
66436
46062
-842
-83242
-12926
15968
59984
-7042
-2508
16242
-96851
-38890
2438
11106
28245
-8638
-27934
55184
-53161
99189
-54671
-13742
5142
-69914
-35628
-9342
-33924
51542
-38442
-42742
94634
-76600
-60921
-12521
65785
62965
-99542
4202
78334
65848
-30155
-28064
80402
-82208
97188
77360
46992
-85741
59742
-19852
92896
-37998
-76748
75442
-90568
26905
-11276
13742
69506
-43442
45342
-23268
76110
-99542
58842
-18300
-13804
36719
27406
-47942
80084
-76786
-72842
-24765
67874
-93342
-30542
74944
-29258
92594
35242
-61542
77442
-77842
81476
-68382
53542
89942
58750
-49171
-47004
45302
28925
31014
-24242
82420
-67142
-3418
57042
39218
2315
55599
-36841
-62494
21840
50342
-13744
-98796
-22926
48942
18920
-60814
48055
54355
-25012
-20965
-94334
-74130
-37620
-7404
89919
-88838
-37261
55469
-29542
94625
299
-68275
-19706
20794
66695
54912
695
-43590
16742
-94524
97488
47864
81000
-14542
-8042
-50242
-251
-49388
-16942
-96191
41942
-26584
-73015
28759
14678
-10642
80342
-48942
84576
-90474
2242
-6942
7222
-47042
1530
94842
88568
28442
70242
-90486
-31474
-19842
-27105
-73776
-71642
96742
15829
-87942
24642
-44942
-66270
-94000
-53982
-61696
30932
-6092
-65326
-76942
18986
13272
63242
36774
20316
-39142
80878
26104
40398
-64241
33524
-68818
83558
22905
58215
-45356
-9818
-41911
-36534
86509
-91362
31715
19430
-36211
-4616
-7161
-56642
-26824
11252
26744
66942
-9342
-60540
61342
-65342
45532
33442
53320
-95986
77160
-44700
-85401
55342
81280
70095
50994
76184
40676
37816
-6142
63808
89925
59068
75754
63219
-79275
81119
-53936
15764
10484
36438
25970
-78542
-38498
51842
-68570
12564
55769
-28105
88242
60190
78842
47342
65038
-25042
39394
41794
75676
64406
-20508
39942
69746
77650
-39042
78756
-56385
43240
-96542
-64242
13792
-65171
-91668
-84290
-29130
-50884
31122
-35128
-9976
-17536
-16444
-41914
-83336
-74176
67369
5418
-66956
35006
13842
-28442
-10820
21482
16374
-54530
89836
-73142
-33666
72970
-82542
-44842
63226
12042
-915
91389
-86542
20256
-56166
76142
-30081
72142
26942
-16281
-24042
-32142
-8561
12660
-93666
-84042
46795
40255
38942
-82308
5689
27932
1125
71642
-942
-22442
61742
45720
72119
-30482
61542
5236
-5796
20355
-55375
89049
87942
3804
-57852
73542
-38655
61242
1374
85942
72285
-76171
16122
30066
-33542
96639
67342
-6040
-75058
45084
55442
-10261
61464
39124
-90342
2342
68756
-74542
-46898
23442
-29042
59706
-83962
-9958
-3242
27788
-74142
12842
59042
-96072
49320
13242
86159
-7625
27442
-98572
80998
-49842
-62056
53510
-28842
-19636
-37842
-94405
97059
40442
-29516
-23842
-81576
51642
-45042
25059
-24842
26642
46242
37242
5080
-74136
-64006
-10322
92962
-40580
-79842
-22575
-19714
-51315
-39242
-87941
-10042
84708
-60990
-46950
43542
-63831
29742
39542
55242
93296
11126
76242
5142
69094
65795
-11301
-25872
-84135
-56642
66842
93840
-48528
49008
44742
49542
42542
8342
-26342
-31741
10768
-48421
58142
20368
75542
-48662
68929
29822
49386
-24394
-56046
-27710
91340
-88650
31342
36142
29546
90542
-55532
49710
56414
3425
31242
-83811
-78242
-67042
-79775
-67648
-35311
98104
2359
96382
93969
50760
-18355
77342
22278
-76611
18359
-53442
-99140
-31296
48380
86242
77242
-60142
50140
-81445
82995
-26442
47059
-70854
-9800
15986
17942
-200
-9036
-39995
-26012
4642
-88438
-33685
60842
63964
45945
47742
50468
31142
-73391
-6746
-20388
97120
-65275
71525
-78842
-10761
60785
26290
-35795
-95242
69896
-81842
82228
9838
45849
-33142
-57094
-17426
60570
-65458
-42342
-16858
-87742
9699
6810
94142
-91528
-72406
-99298
14356
22570
-96306
50460
-13912
-96842
-81805
-47676
-73542
10542
74372
-23442
-42242
-47942
57644
-18645
90466
60389
17350
78342
-98542
-69942
42840
-76262
51042
23064
-76860
-32552
-41254
-4042
89542
-64812
-68185
-84542
21648
34142
78442
92150
-68642
-67394
-49988
73942
-38742
59469
-65242
-25538
60029
-57244
-13865
-10152
-49604
-93005
35728
-72842
-65138
-40516
43576
-18606
-52342
6306
29754
67042
44440
-55730
-38585
-15772
10495
75879
17994
-83004
33555
-742
89526
33342
-72850
-37540
14842
-63925
43432
-76304
38042
-4132
-7071
93709
-83942
-76942
-42942
-54195
-14421
-52615
98802
19342
16534
-72595
-40082
84242
99082
46242
36452
-65142
-22048
-37842
-15442
58110
22615
-16146
-8412
42672
23629
77416
76842
34172
95522
-58786
78315
-74942
84042
37642
44526
-5901
-84780
49185
-37175
-67030
-9955
5420
-59142
37672
-83695
-38542
-1642
45242
-56651
642
68642
85428
-1542
90392
-10884
61615
31442
-56916
-14064
-67222
-51910
-8742
64175
-71678
71718
25660
41370
35142
-10942
-65995
-78980
-22164
-3756
49299
-20794
-95460
10766
-16055
-34242
-59540
-67264
-74481
39445
15742
95796
-57541
25980
-78836
75342
-33261
64828
15042
-56900
-22408
-50638
50436
5484
-71842
-39442
24286
48742
35136
47522
95362
13460
-25542
-1731
-75876
-42410
71142
-68831
57819
-83042
-13542
-38142
79442
-86018
76894
-19742
-2261
32150
-60718
-24442
-88076
-84578
87155
-46720
73298
-74456
-82726
18475
94442
-54042
4342
-21742
2942
-88608
-29684
86456
-50164
43442
48542
83730
-81685
-16941
38142
-31242
-60018
-43342
-24861
64019
-85542
-70060
-82942
58342
53559
-39175
-44866
23842
46030
-57414
-31792
57896
-86574
7542
56472
-31635
19478
30884
-1615
-73601
33342
-36484
37735
-41298
25310
93642
14674
-34142
-36435
72960
-75074
37965
7249
-8738
-40636
-82425
-39396
80826
-42712
-98282
48424
-1680
71362
67828
-71151
89770
-84735
-96342
61980
-15642
-62385
-97142
54536
36044
94349
-19524
-6188
-28456
38409
93850
36290
54822
-72640
60326
-93842
-15326
-57381
-82432
88636
70639
26509
-22954
-95616
-53162
89080
52314
-97262
-88252
-46188
7542
48842
-4114
47842
17942
-42742
-5745
462
-17828
89412
-68442
93760
78355
5120
95342
3982
87596
80504
96968
-22554
-15942
-37866
-802
69994
99508
3282
17215
-47438
-17348
-3742
-18898
-17542
-47462
96796
5094
-49414
39288
4442
-43074
-47271
55286
-96990
34842
56242
-54636
80642
-15218
72942
6188
53505
-90150
98546
55549
-37018
-12925
59719
-73146
84069
202
23242
-85062
-55056
27918
-85842
25202
-86542
-74691
29159
-57216
89239
68445
-5710
47978
-93010
25542
74422
26642
8678
34742
-29656
-95348
-36094
61434
-19601
-2032
-82001
-86768
-97142
30442
-86792
-37355
-80375
-32966
66672
-13594
-83171
84342
-52690
-48242
-71042
-50306
-99594
-87445
33242
-43826
442
-13042
19076
-6942
43242
-13042
-97342
58719
38479
41304
90968
24532
-11646
5889
58425
48569
50042
62318
55342
75396
88528
93745
27042
70098
16824
-60104
79142
-78935
58842
55742
64472
99982
77575
45542
32202
-92642
-35570
99642
-44664
-46542
96442
39342
-93268
-26870
-27642
-60252
16249
-42642
13342
-89148
20550
84742
-92042
-15410
-93500
23099
-10642
-89564
-11106
44642
-98220
55142
49142
34048
10504
59609
92156
-48756
-54916
-78676
-15724
-60084
-91810
-74142
10300
-9242
49642
18742
-38242
-98060
23630
78242
-65396
-3868
96715
-50158
-11742
25846
-96242
-40834
-11942
13745
-11142
-68600
10456
56242
-38242
-32242
70855
11942
59840
86742
-61636
-33558
91730
-21466
-8342
-9812
-35642
86242
32642
27409
93555
16762
50692
49619
10974
83442
56156
-17920
-82942
-19818
85965
10146
-85942
-12806
16569
20190
-99675
-38742
-52865
-40152
25652
-73178
-38242
33942
-65242
-76580
42428
-7942
-3782
-65642
-21542
-95042
-92971
-81942
58542
48098
9274
-97756
23836
67442
58328
2428
-50524
-50088
-18915
342
-17186
-23642
98109
-33762
-39216
28175
-88840
42424
60756
-16652
-51842
-92342
-72442
24246
50642
51095
70662
-62915
-35875
-7976
98742
-215
-73086
-29542
-8342
61998
-8742
-10824
58924
-11672
85760
47556
-81428
-70151
-29465
43316
38430
-4500
-46542
-73331
31832
-68346
42819
-55126
-90910
15242
9552
-63542
-31450
-57642
-35312
27668
95380
87142
-85442
-97226
-95261
77924
17832
12854
28505
75472
15042
98085
-38232
46350
-4530
26542
-9061
-91114
23942
42325
-50950
29632
-84034
-4225
57148
-81705
64342
49442
55420
34242
-42282
68342
-97942
-45466
90426
-31242
-2605
-87560
92752
70565
59686
-91616
78142
4086
66196
-69532
-20724
-55142
58779
-12775
71549
27056
-42142
80032
-97856
96076
32662
-62705
95849
-40755
29176
-24768
89374
40372
92620
74942
-22521
-19952
64274
89340
86856
-91181
17665
-29521
52796
17855
38742
-39900
-83142
-62586
-43215
85030
-49840
-37805
-48772
13242
-92458
98029
-94550
10616
1102
67528
7042
82824
-9912
-92042
-43926
47242
-66524
-12081
39242
-44746
20076
-5242
-73742
-72505
34064
-72691
-37058
59942
-33842
53154
77244
-55136
-55742
89322
-46542
-29846
-53522
50515
39498
82846
-91542
-74842
-83096
-55742
-29242
-54528
-78542
-80242
-57748
-86442
-30580
51542
-26842
-17891
-21640
15788
-65218
-17415
-57142
18742
-24945
68495
-28942
12342
9774
-13342
-45442
25942
96462
15468
-20135
-47972
-90775
-46856
7042
-88732
87489
88742
-60442
87942
76064
27594
-11242
-2154
-46624
-84942
-3982
93149
76942
-31556
73379
-61842
-88126
-91042
-24242
-91442
90745
-94664
59942
-57271
-89032
27079
43442
52142
51088
-70736
74642
95419
13035
-65042
-25255
72819
-15542
-6740
49836
-79842
53845
-21760
-62391
83106
-24286
50545
-48142
-54868
32942
-26961
17109
-38135
-28806
83714
-84098
-79856
-64442
70688
-49480
42
-35591
99542
4220
4544
-83242
39042
96159
-11046
-86065
-79342
52642
-81765
90452
36942
36764
92344
76559
71689
32829
-61395
-16036
-49116
-55942
-49584
-68742
-77430
28559
-92015
47095
89642
12892
12199
-94642
89415
33442
-91442
-12062
21742
30742
3322
95942
-77354
-3102
13512
-93042
50319
59022
18542
-96205
-76686
38424
52046
44676
23852
58578
30448
-27196
19665
43642
83552
-43418
-35236
-84906
53906
-85198
-91142
74242
2126
-96915
-54842
23642
-23442
-68942
-23805
-61774
51642
77642
-4742
56842
-74442
40242
-85606
-31431
-23751
-41874
73699
75270
84638
-63755
-96650
25304
53242
59464
-31376
-53071
48192
-86760
14019
-39842
-69970
86576
-47042
-98064
-46546
-48962
-7945
-3770
72242
-46200
-52285
-27366
35342
-39942
-8942
71336
-71024
-1906
-13206
-96136
73942
-34251
60576
93228
32156
93908
41142
30960
-93695
48042
-94560
55625
-6102
59722
2542
20242
-72746
-40696
88042
5502
-51705
99050
16219
55546
55642
85235
-24595
56778
-50454
-17942
97042
98689
89436
-12684
29342
53970
-84542
88760
-10522
67529
23706
-63321
-13742
63430
-18528
99630
59640
-6642
-38305
-85842
72942
10988
49595
85276
72412
91689
-95464
11722
-94391
-68374
-27342
88394
-22134
96642
-57642
5375
-3342
60662
85842
-88461
24564
56176
-81342
-55001
-80562
73904
-30426
-87402
-67515
-81246
11859
52750
-6242
76342
97214
-16221
10626
22942
13268
-30642
-47292
49525
-29318
41608
-59655
-85191
82062
45642
-17860
15894
-7594
83342
87235
79925
51929
-3042
-2742
88865
41362
-38442
6609
41609
-82040
65882
-39060
46942
25110
-39646
55668
38832
98669
11242
-15398
81000
-72016
-61902
-87105
-25786
84148
-77142
-5524
-18346
17339
-47136
79590
35239
-97054
62610
47028
69342
-20542
12822
-368
-64056
-11642
-80042
-57722
-9335
54942
6842
62206
-43596
-50040
92250
-45142
5542
86772
-75970
-64842
66042
11636
-39696
65160
17146
86704
-86640
-58042
26732
44636
-82842
-2022
24022
-18015
-4642
-88062
-97542
-55142
-75516
-73914
-19056
2088
-35998
-15342
-79081
60275
43640
-16335
-31542
-33842
58702
16010
-62502
-82156
-77281
19332
-92345
72450
15109
-32241
-47942
-4190
-90588
46442
45946
-11215
-36958
23295
62942
21518
34155
-40338
-78284
-74742
4404
-51108
12598
-39885
-56442
-29766
68778
85532
83190
40742
-27025
-97161
30890
-57942
59646
2988
-1142
-92142
-8251
52644
-72142
12542
12388
64828
3566
-18142
89386
98718
-57562
-78844
-66010
-40255
-14642
-42161
-27945
-99982
34125
30409
-66642
-38404
-32606
40285
95942
-62865
-46282
-33342
-21424
-2708
-63308
542
63672
78900
-92920
-89622
47694
51704
-54386
-40866
64100
-1542
-34942
-8642
-37328
78684
58114
-89911
45042
-61876
79539
23496
50678
-6186
-50668
-19171
27349
-69765
7242
-32642
-81125
-62742
51099
-460
-3500
68442
9330
-67908
11342
98342
-89142
-61406
-94042
54826
41620
60642
90142
29395
37422
-15995
-63426
90542
47115
-39964
50980
34942
-1642
62242
44360
-27246
-2342
70482
92170
-62142
-455
24180
-73766
61552
-39112
-18938
4942
75142
-26761
68242
55302
97004
-58242
34872
-96140
34338
-68305
-90672
-19855
48732
77115
-69338
-17156
40442
27142
-62325
14704
35156
59282
80094
53642
-8042
29842
4558
73742
45442
93442
86830
-86542
55644
-98326
82738
32242
13942
-23142
6999
-95878
-67720
83436
-34515
-46200
80842
29085
73334
-79758
84242
78844
-38942
-56280
-19792
-34755
3442
3420
14942
-51242
72490
47082
-85746
28859
64642
68242
36134
76242
-39311
37375
87752
20200
19742
89942
36942
-74205
1742
96410
-40006
-31042
-6142
81620
-53300
-38560
-1102
-44642
86689
89342
84856
85015
23205
32946
81642
98094
88042
6242
-23051
-39152
1342
-41215
-83521
-40455
50942
28558
41104
35532
-79840
91742
52042
-77842
90642
-37415
-41955
-26914
77454
23124
-98770
-35681
-42642
-16468
84560
39634
-37951
-12226
64726
9500
67539
76388
-68942
81762
60082
-40942
-928
87014
5519
54795
-77942
73214
-82542
8936
-12208
-29415
95742
94942
85042
37140
89204
-23004
-84911
56812
71542
13080
-89042
-99676
-92542
79842
18942
-36232
-93776
-44542
15812
70135
46442
53769
77242
12278
34855
19442
-4434
-33142
61618
59542
71042
64402
21042
-93766
92349
7438
71932
95425
734
-20896
43548
53366
54342
4166
-97418
-91738
95036
-4145
-35364
89660
-43645
5205
84168
57302
24866
5442
10999
11359
48542
2355
-39642
-18170
-69442
91358
60260
-3816
-26040
-38241
-78542
33742
-59516
-67945
49342
-51842
-38698
28842
-56342
99260
-90831
15642
-14845
-12830
61812
1920
32789
-80342
12142
51902
-93516
-83642
50832
-49441
-69438
85694
-92530
-8340
-91655
20900
52704
-44142
-63142
75242
402
976
58444
67215
-97205
9018
-98342
-8742
30142
42736
-74942
-71540
-62356
63806
78112
73639
-78342
29640
46580
13636
12946
22368
-7151
5452
-35012
68624
-86442
48242
-56638
87585
-91375
63242
-84742
36842
38942
14806
68600
230
19622
9290
-86464
-9042
6288
17744
-86675
72556
32242
87942
-59892
33642
63842
-10014
-97532
-69542
13436
-26240
-49642
39952
99529
-94645
-71924
-73542
-42884
-67142
-61442
54545
40660
69729
-59855
-26961
-54256
-67742
74099
-14781
55042
32686
-5884
84012
94542
58928
89542
-49942
97248
90875
-24542
27932
-55794
10825
-35518
-84631
4086
-10166
-44642
92642
23645
50342
-23058
20560
-7861
15859
-84675
-98342
-55444
-62842
81705
-638
90005
58978
-62751
40076
82124
64842
22175
26829
-85642
-34542
-81294
39642
88942
-26628
-26622
30425
84342
-82342
19842
-85232
53642
-3590
27180
46015
-67741
31842
19342
-11642
-56158
44604
49142
27042
73506
-46745
92742
-30582
57954
-24842
40410
-85764
59148
83964
62855
10742
-37638
-84442
9780
32964
76828
97518
-4042
-73942
78342
88589
-80695
-7698
54642
-4072
-58542
89742
-6841
90564
39216
-19142
-71742
-94242
-11930
32038
-48041
94242
-62318
-442
-90421
-52141
-9742
-28542
29812
-80618
52292
-18842
-58566
-27042
-3142
-64880
-14475
-52330
64842
17542
-31442
-64964
79168
78305
8242
84042
-30425
6418
-12871
-40542
-40240
-90844
-40836
-44455
39742
70142
-22148
-59342
-49342
-4955
16242
14142
13742
57285
27339
-15404
10034
642
45642
89782
73442
-72356
95375
26310
30328
22010
-76142
67042
-72781
59012
-36642
-29622
-72916
-41754
-8182
87442
-93142
4142
13942
38042
-70242
-25304
21148
-29351
-91604
-642
74032
65242
-12955
51742
52742
-47342
46342
-65594
-31542
16606
-58574
-99048
-30242
-86842
-4188
6542
30742
-99342
-61504
42169
79038
-43194
-35804
-94700
-87842
-8342
71742
-19712
-89601
-69041
6396
-96264
-79884
13340
-1942
82855
67018
93442
-65942
99214
51842
-37400
51924
30299
-80324
-78542
91155
81842
-39816
94542
83185
-61744
20128
-25201
25234
-32908
-37620
-2311
86155
-30942
89372
-55142
33308
-96842
7942
-9190
96710
42942
55789
34454
63642
-63848
13509
63742
51535
3844
-97642
-64042
86972
-60062
86034
41442
-97542
90042
-37842
-51291
98244
-3036
4924
-15484
-54642
25879
-60514
80008
-46068
-39742
-80805
23308
-96328
41425
99042
56259
-9792
-15442
75698
43142
-63242
-68382
52209
1115
-40634
-72751
81764
-32098
-46884
35742
-96180
75442
-80342
-93588
98945
21982
86342
-86808
28720
64660
-44742
96842
-35656
-15645
-37118
88542
36960
-8842
26335
-80402
51842
-98005
-49254
48214
-85098
76642
76295
87442
-442
-14031
27042
-86866
-64786
24942
36555
93242
-98042
61156
20695
7345
-98524
-77522
-6342
-15594
-66015
98300
-64011
-27765
-98254
45942
-98011
-86550
-18544
36685
-32142
-96576
48738
-45550
3156
47189
55830
97242
-71340
27859
-11781
95399
4042
14314
70989
78988
72176
28009
71902
-82442
-68180
-32435
84942
91440
30994
-1752
-37471
70764
3704
-94465
74975
12242
-21142
8442
-11350
-84842
56942
72649
37442
2958
10806
-77364
-34836
-92725
71586
57882
47314
-19945
-10712
-94185
-28254
52342
40636
36082
34862
-80734
58135
85812
-75912
-61784
91815
39625
13750
-66198
98832
72242
-20666
-30828
-53978
94032
68542
-20010
89955
-71492
-28952
57492
30706
42344
-70442
1442
5625
-39695
-47741
6642
8756
5892
-47605
-57842
8729
98422
-44934
54300
-2602
-48980
-56360
-59930
-40744
3842
44368
70616
-38215
87614
-82606
-91568
-10510
-26542
-98366
-29841
51452
96169
-50864
53432
46142
70164
70522
-2856
-62645
16409
18882
-61195
97045
76642
-15474
89876
-92306
65402
5862
22510
-10541
23188
86842
-30142
-20980
-13542
-79780
25242
-27442
56642
-20496
-13755
-65142
4388
52742
31736
-64098
12084
69142
-47701
-83742
47960
82496
92218
30700
-55
15015
49642
18565
-71284
-11998
60592
-93124
55242
-6142
-16698
92462
-78848
17872
9685
87442
98239
13620
-32920
-69765
-99742
-94068
23442
-94210
99678
58742
42142
514
79909
7748
-22098
-27642
21420
-84841
-54955
-7740
76042
-90942
-70142
21394
62684
-96722
-55228
-19542
93642
39128
61289
41024
52542
-36254
-32850
61042
7642
12555
75036
45646
-99528
-71745
70566
23342
53750
71386
-29545
17365
-9442
71954
47242
4166
-16406
30460
16510
38456
-38142
86039
8182
-33872
56484
9710
-33946
-33942
49752
-90542
53544
73595
58542
14284
45450
36542
-23185
-30428
18830
-8538
-18410
17542
88442
53546
-13342
16290
-27922
-5112
84424
-25124
40974
-7048
43642
-63142
35822
-50516
60842
46342
-76042
94740
-64142
18949
9138
-79822
-50734
99124
61266
28838
62434
95742
-62082
-87145
66844
-98071
-44451
51955
-77586
37142
-29920
-80442
-11384
-61096
2124
41229
69642
19014
46076
8682
-97011
-73381
-73642
62979
98242
-65830
-28442
51442
-37918
2356
86842
22134
-51842
-83906
-48396
745
-43198
-94742
-3078
540
86630
36034
-71542
-36786
-58888
30762
-63800
-67684
34134
-91652
-22551
-25764
-67095
-39172
70442
88239
-3790
22986
29476
12442
30059
29099
-19724
78815
51726
3242
-62714
25842
71234
83852
49242
-67182
93442
81622
-85862
-33542
-92525
-1671
45496
48742
94125
70346
94552
-84842
92754
-43301
25095
-22871
35504
-52214
-65684
24678
710
-24542
79542
14342
-31942
93534
-15508
96149
50242
50685
27690
36889
76579
-3665
-85895
-32174
51294
50529
61064
90534
-22311
52760
-50542
7258
-49382
59084
-40810
95442
10615
-4942
-51855
41642
43534
-92942
664
18648
9608
-74631
-87626
-91642
17375
94226
95242
-69816
-32240
49342
35294
-67262
-32942
78042
-84304
65389
51262
-61574
77122
-29944
18819
38558
94522
34696
-63042
99642
-69920
-642
84642
-85781
-56070
-19042
-75670
-44386
86456
-92032
-63242
-30990
-95714
89342
35520
53335
24142
24985
-28305
-77620
91752
-7842
2342
-14935
46725
72142
-62042
79572
20860
75842
62949
63742
-96286
81842
91119
-8574
242
30242
-34742
87942
43242
21029
-78412
57129
-39142
-26642
26402
75420
73122
-55642
61134
-92825
-38550
-67698
8410
-49365
-16030
13422
98520
-36540
45742
-98692
-63705
-96380
-73404
93022
15942
-57142
86942
93555
-59942
-97965
-47942
-39668
-81718
-84798
-85142
44582
-56308
39766
64652
29442
-3258
-9054
-93614
92842
-96542
-76688
90876
-11342
5859
-18842
91954
91678
-16580
1829
17442
1742
-94640
73719
48174
-3642
37648
-57126
76542
27342
84090
66842
76542
65042
-21764
34790
26925
75216
-70734
-79370
-79042
-13506
-33531
47156
31675
-59742
7029
-62142
79642
6642
-80174
35510
-42042
43892
-90642
-64755
-67200
-85642
82415
-36442
54280
-66205
-73842
86159
26242
30288
-43842
46242
-79380
-17984
89589
-31342
-14342
72515
85942
-28872
-23511
19634
65042
68642
-63020
25970
-38216
-66642
96642
16142
7574
86402
-11831
-13242
-73325
97585
25970
-53142
-42462
-71742
-1255
14115
-70632
7142
69042
32672
28779
-40924
-68951
74142
6542
54676
95774
33334
-97608
-13081
95889
-32396
90242
-33042
-64142
80042
-29158
-35242
-86452
54392
83924
39869
72724
-55642
90845
-86548
-28942
-6425
-29684
-81766
31229
-9942
1442
59784
20042
-12211
-55924
6592
-87182
-81942
-51880
-25671
69838
-21842
-43235
45596
64335
-55942
-93688
41782
-70420
58042
25664
-50212
93842
88319
88310
-57542
-39198
24186
28944
95769
-4816
-79542
-63541
86316
-71696
33556
4500
87575
47358
86142
20022
47622
-95614
39372
-3615
60042
-6118
22942
97014
37346
-19945
-9042
-99342
-51042
4755
92672
67320
-28225
-29232
22542
-52472
-62642
6689
7142
-93742
54622
-10242
20619
27042
-21970
-86152
80242
54245
48142
-51584
94880
6102
-7442
-60042
-52988
-17245
-6114
-43142
-93400
-78552
-70272
70088
-2790
-71048
99058
92648
44569
-10078
-59911
65242
-33976
-24701
-17704
36142
-87675
30268
-1786
2199
-91026
-28042
66514
81842
6754
71154
54184
-77230
-89642
84624
-71381
-59928
94136
-88136
-57242
-34730
-68060
-92044
84165
-94405
60942
35515
50595
23645
-76458
49375
62942
92984
-4066
-98206
69732
-45748
54395
84238
-46541
-31755
44786
-16042
-656
-47542
-15242
-26176
-30764
26442
-33375
54662
61546
81246
-52670
3078
69828
37842
26278
-85742
-64842
87258
20438
2289
-16486
95472
-10996
-82942
-93464
-10315
73595
-98938
89100
98042
79046
-86978
-12106
40714
47742
32142
-14976
71794
-25418
54742
-77242
-33780
12736
-93836
40976
-6005
47842
-11242
-20901
44936
97442
90379
36342
97542
-11180
81518
-81842
-54250
-13151
57704
-19341
-82842
-67314
-60994
-2868
50642
-54452
88042
-28690
31039
74932
-70205
71942
-11142
-24142
-79684
-1442
-18515
-72942
-94225
3842
-79790
-66442
-49242
-36711
73042
-55660
-47725
-42500
-42866
-4764
60052
42
45542
-92091
43374
32132
-63775
-15684
11942
-58642
-87442
90122
-94628
84305
55042
98898
-45305
79675
9119
33550
-32685
37219
56299
-60842
-56552
-86742
-75254
85600
-32911
44979
-99366
42338
-93175
86042
-69678
28824
-55442
-74342
-67995
-11142
78004
97135
-55932
-54341
-22542
61406
-57844
65052
31466
-11642
39168
9808
48015
32899
-9124
61542
86540
83242
27306
5162
-66042
-91102
-36742
-52046
-51542
17742
40438
51008
29442
40402
-53695
-2942
73418
-30510
-79386
-65742
55932
-96444
77819
-75966
21536
76604
91718
-36742
83075
-23786
-29124
93442
-27042
-21326
72442
59975
-77284
-35886
-2942
89842
-2728
97649
-98500
77735
39969
-19015
44309
-87172
88554
15095
-13536
-90942
50942
-91454
23785
-28310
-82344
-75042
-72275
79325
34042
17079
68742
15742
-83518
-23638
-64542
56842
57942
-15565
40842
-39326
14956
46742
-72010
-47026
-3504
-78188
-97696
95542
-94042
55405
4309
-9630
98456
-79125
-36535
-66660
17750
63284
2270
-47308
-47046
65265
-38430
-44401
70030
86780
-57342
-43376
-46798
53442
50339
66198
69344
88435
-70142
-93810
37099
-12776
-12071
73005
11942
14395
-53942
37056
-10242
-58142
13610
78879
10429
14330
31524
-87042
-39518
-65742
-52942
90214
-3874
64600
-37348
-96642
-54035
-44220
-25642
-32842
-33952
-86222
87105
-41056
96942
-89025
20142
-57742
-45031
-54842
87542
81590
39559
-85846
91025
-10542
77436
39424
-38452
-87042
98942
52252
-34042
-38742
-88564
88942
-77774
79412
83242
-89695
55259
-16942
78842
73446
88709
-88242
-63842
-70296
73242
38725
56898
-23642
53702
39309
-14758
-36754
-53815
-1504
18660
54042
20542
80742
36004
93276
52546
-36248
-64742
-34142
66965
-24175
-31842
66169
-86400
-28380
-43942
-3328
3178
-75401
-82042
-35460
-96184
32942
98664
-90794
-73695
-81095
77806
-19742
-95060
-55242
61728
5185
10559
88016
-70682
-28724
-62814
-83791
-31742
-43424
55612
1122
37168
-20672
-63140
-44706
-71442
-36425
76242
-71858
-50730
53595
-64066
-20994
79518
33226
74555
-91336
-50408
75958
18244
-53924
-62092
-84348
-94042
-95242
24942
-87212
-19942
-43342
84942
-49242
39059
60642
9992
-57075
-48204
-36434
91834
28842
17879
-69342
99442
63544
-72805
37030
71642
71042
5642
-82466
15942
-62742
-42315
-81742
-46801
-36896
99392
-7256
83142
13198
12814
35342
82009
-53142
-7700
-26942
534
-65942
-10574
92096
-342
-31042
55242
47339
-83725
-86556
-62442
-19538
29830
-60554
52419
9442
-91568
74232
-42
-97632
-44650
-32742
36709
-9242
-44124
-16942
-22122
95049
-71142
-71621
67836
6932
-13601
-842
15594
-17386
88942
-38242
74336
-63146
43010
-11760
30688
-42662
-28266
87458
77042
31842
-52742
79276
66342
54042
-19740
54836
12588
59742
-29818
74242
69635
75742
31642
-19888
73804
-52642
-4802
-87232
48014
-45284
58342
94826
66982
-29742
91864
48442
-84962
-30864
35842
-39426
30742
62865
-59242
-18550
-71498
95482
10530
-32356
77942
-95442
-4642
23142
33756
81570
-50726
-26098
66239
-55655
98542
-84271
35274
-29586
9652
-69090
-84895
-92071
-22665
-62225
-50521
44312
62042
-53342
41465
-64742
23542
-36344
-14754
-79931
-1314
-68798
58904
-44250
19534
18042
44502
85142
23299
31090
39706
-32221
-85064
-99912
14544
-74122
52542
-84642
-4925
70202
85144
46878
67736
-32542
-34445
-47281
842
75740
31725
-86842
24878
89042
19760
19092
41242
-28421
28819
90086
19115
65906
-22342
74742
80116
-34544
2038
-69954
28329
-11020
54242
67849
-88442
-38762
10950
-91001
2130
-74242
10818
-28296
65042
88342
-30932
98742
87364
-96142
55539
67542
53069
47242
95142
-88994
39842
34942
-93742
65920
57390
-68918
-8052
-83185
93642
-30342
-60774
-57091
-59492
78542
57029
-11421
-18142
38342
-17042
-57526
85034
-16186
-34642
-46242
43026
-71342
84042
42498
-12742
31009
38246
-73342
95785
-1561
76835
80642
54742
18546
37142
-18236
-69036
-9632
-40794
34852
-63742
-82642
37986
81234
-23211
43042
-43192
98655
60385
642
-74648
69624
51102
80542
44195
-82932
90516
-65791
-55021
43154
28242
-2542
-2742
35008
14605
-31700
76426
-20442
76915
-42428
60149
15842
16915
33296
71764
-73088
-36042
-82674
-83151
37465
61480
69905
-67016
-63288
-97338
22825
-34896
-12342
-48742
36619
95226
83342
63585
26152
66742
-38452
-43042
-22605
-75474
-7364
-71086
16095
-42216
3095
-63090
66905
-85332
-69051
-77186
-1471
6266
89042
-11810
-73642
49042
-3976
71114
-13651
-46401
31442
81100
-26314
66558
-57542
-60114
31568
95976
-61642
32230
46826
67249
-25612
19962
65434
-75660
-1992
-18796
46942
70529
41898
50948
4074
-36042
-73840
86995
-95325
77130
-8380
-55340
-70178
13442
55042
-45054
-73735
-97642
-96986
36959
-99508
-72442
7222
-45371
90642
-91844
-5631
-50392
70964
83534
94066
91586
44759
5096
-23736
-58435
65742
32102
-86542
37746
13842
68742
72976
-96598
-86862
61642
-33754
42315
-3875
45944
7142
-36376
-16061
-942
60442
1742
43742
79060
52930
59968
-83755
76542
80842
-18442
74942
72068
-18642
-86861
5688
51675
-23381
79142
66452
64046
17165
-30642
13696
-80168
-61342
85914
93042
75252
-42342
43642
57042
-20441
-86426
-92090
4905
14412
-22442
-42818
95820
-42758
22914
41942
-28096
44669
3642
-23442
50120
24800
-88325
-76012
37628
-3798
87242
31635
93010
19218
-73928
-76736
-74312
-93796
-87490
67642
-64842
-2894
44452
-79142
68184
53408
30354
-57142
24342
40342
-27042
2542
78542
-34108
67509
-76442
90555
-98742
-33742
-52124
-9432
-46858
18452
-45556
72042
56542
-20408
99750
94948
-81428
-61364
28529
14742
86042
20162
-94880
59149
-32264
51078
-24126
-61986
-29702
41742
49859
4042
95542
93510
-60434
-16342
-37942
22395
68142
-94954
-85868
-54550
81142
67442
-64542
57236
1646
55529
-88126
90605
58525
-40462
-75282
89902
-68896
-80345
-36935
-92058
25458
47142
-60542
59442
20842
84750
95542
-50006
-17194
-19142
78236
69098
-8942
-81474
-10642
-42182
-27924
1235
-50642
10102
-80142
37558
1739
34242
18122
-80525
31389
21924
-58105
34442
-99524
-97142
97632
-92942
27342
-49891
53080
66514
-66630
-92315
47810
-37115
-64366
34442
35418
77929
-47942
7542
-30390
44812
55159
530
60485
46795
-55041
98326
68108
21269
-97564
90434
-50474
86356
-15218
15165
-59942
79092
-91542
50106
-54975
-9078
-8286
-75796
-12945
40140
-26556
69242
-9470
28026
-35742
52942
10219
-7642
-35040
34930
47912
65022
-398
2496
-18942
-7242
-34442
15074
-77172
-69731
-69242
14969
45879
-47182
4060
-20502
90642
92766
-25542
18642
74948
-79038
-14390
11850
-57980
87942
-36341
18766
-15278
77076
6242
74889
-1440
54855
67465
-54842
-30542
75142
-75342
-35842
58750
4668
-76675
50942
-6500
14568
-4854
-33068
-52045
-7984
86542
80542
-98842
52406
47049
22785
61242
90542
55670
-98114
17042
47982
-73020
-41338
44942
-29464
-11942
-62316
-52242
-21892
19542
-23742
90924
34300
-42448
99572
-69460
-94984
-49690
-20660
15068
73742
-49386
-28545
-84314
47605
31158
-28625
33702
-22001
-32435
40696
81142
-21264
34259
22558
-41272
-65742
98642
37286
-61376
-57842
14248
-26204
77962
-6385
37499
22242
-70680
-85978
-23908
42714
89142
65132
-61542
75142
-24096
39842
67312
2012
-88842
95354
66794
61418
-20851
90342
29442
82275
-83512
-29512
-18856
99712
-20342
67592
75130
75296
90230
87840
-2300
38142
47880
-86382
1975
-66222
10506
87642
-71742
18342
-67542
82132
-42476
-49031
-2432
-25024
79472
2442
-64642
87664
6242
-99232
-55171
-64774
48586
36886
52245
78492
-15324
80506
30342
-16222
84230
11132
-18244
43410
44842
45642
-32695
79818
-49396
-55924
-92216
79285
5030
27669
142
10042
-60008
-41442
13448
-83542
82094
-73445
41842
96642
-80342
-45065
-67904
53735
-57560
-76292
26326
-36142
77566
-26998
-5328
1615
98042
-3738
-72035
-62302
-49341
-44894
98588
-51942
-35442
-3896
-69751
-93268
-91996
42784
-842
26260
64128
-42342
88360
-64290
-74115
80432
-80470
-72888
-72184
-66911
35250
65476
-99386
-26442
99868
-19494
-9244
-7505
-93666
38479
-61995
-96998
17342
80516
-4358
8089
-65884
-83086
-60111
-55770
98742
-6431
-83742
33815
-19208
84604
-70098
-93824
-86802
5842
-48128
57982
-26074
75696
73730
-98636
33456
-84242
-19005
64652
85796
68820
-17766
62842
72942
-80042
4242
56842
-4276
-51504
10316
39178
25710
-46865
46742
79952
73242
69542
25742
-37842
69342
-64755
-77742
11142
-30042
-87542
72999
-22088
18420
93926
-85
-91270
43805
-32548
59634
-49431
-8591
65442
44842
-16242
39442
-60190
1755
53299
-98526
-38962
40616
32242
67499
37342
142
-6226
-92642
-57356
52666
-2584
-95366
-22242
-9942
95244
-26742
61670
-4520
19480
66509
-48374
19590
51095
68332
-86070
64782
33142
52119
19242
17048
49642
-66615
-44865
54746
-56034
98696
23962
11842
36342
-98142
-23015
34756
-79464
-73296
-73985
-41365
58285
52742
-66874
-15846
-65835
88068
42580
85045
56442
-99560
-40342
1230
59682
9948
-84782
-42242
62430
68742
-32832
-69510
56742
-40142
-9724
-5914
12635
-94975
72032
39342
-70102
64040
-88132
27522
-62615
-32965
2940
1235
-50971
-44138
97175
-55254
93342
31688
-46385
-50805
73442
-89681
15885
57542
94232
83759
84872
86880
48659
-99708
82642
-1882
22119
9442
50725
-75586
85942
-37542
8925
80760
76686
35142
11099
-10342
-14142
16242
-76442
-69804
-91842
-52748
-38141
58942
-60650
-11212
45242
-58442
-69404
71128
-37438
-85342
12535
92442
-99042
3178
-12742
-72671
-91068
41625
92542
-30428
16542
-28064
4309
37606
24840
84742
-15166
-7270
19679
-61671
1495
56265
-31506
25869
64308
1802
-5105
44380
-3561
-44402
-95544
84124
-78485
61242
-75642
-18026
32804
-15430
40492
41735
98462
-87342
-8930
68006
-14532
189
-30635
57159
93250
60910
96350
93965
60642
41842
17342
75654
61242
52586
-75242
98142
-31742
-45281
51390
13222
-88711
2418
-53761
-6052
-66000
65332
-14828
-11484
38088
-93864
-37885
78124
-96635
-74542
-11676
83842
81842
42509
26442
3642
-95242
-86340
-29646
90542
47905
89335
-60108
-29458
-96930
-57342
75985
-13158
-22742
-65642
54249
-84854
-26742
34399
-56142
-56722
-85656
-85415
-72281
30570
-17742
-96265
-33142
21842
58129
-69871
40174
-1702
11542
-58142
-15604
83370
92952
-78896
-43078
-68042
47042
-3255
-35090
-15625
94555
27854
69606
37108
65350
77389
-84408
-30532
-23542
-68215
29445
2434
-55742
70712
83830
-73142
-22742
-34551
-93332
2235
61342
71302
93118
48558
82804
8696
-50668
76296
-66801
16675
-75388
51578
-63234
95200
69242
92642
43542
-33468
-48581
19992
-16132
72382
72342
-42278
96452
-54656
86742
58256
3642
55904
-84214
75500
-39338
-28242
35522
-56042
-56794
69085
36562
-38346
99215
-8465
-6696
44320
-29830
-8542
45804
62188
55342
69642
53115
7045
575
63154
-3474
-86338
-24295
-15842
-87905
60242
-31786
-48721
-12142
96342
-94842
-30732
-21576
-67996
43889
50110
12642
-18516
-14664
99910
62805
69342
7869
-52826
6942
55150
64575
-64042
-26942
-43762
63362
81842
41426
51754
98942
-70842
-52702
-55681
74842
-96270
-56175
-56142
89429
46654
61550
-66111
47994
-80851
3596
31034
-69442
-9442
-86542
-964
91279
-89420
-68630
-35900
26659
-62542
-64142
-1331
-58442
-68142
-96770
58979
70930
-37222
-21785
29685
92305
71042
76858
-4402
52849
-1316
-50242
-35244
1942
-21068
89604
-81615
42929
79424
36804
542
75642
-94042
22742
-22642
-33992
-78795
29322
-96941
-40631
74300
46942
-14564
-212
48632
67708
7742
25470
45684
98138
12142
79574
4698
-85342
-59054
41618
-17342
41478
75235
-23465
4842
5042
-93042
62042
91642
14864
17576
-33851
-9975
30142
96506
-39842
91625
15968
-97342
67072
-4671
-60642
-57924
54885
-67918
-69670
53142
29250
-19505
57142
60509
-14042
67442
35788
-71756
35706
3642
388
-56208
-23664
6642
70535
73242
97942
68842
11642
73174
-52681
-6870
-64946
-20945
-90692
33566
1110
-48942
-89586
-46168
16614
-40390
-60342
65452
84025
-83886
-70842
61715
-57042
-64771
-44238
-55342
-7320
66442
-21621
58162
82542
8342
-44090
-59942
-65428
67349
45558
78142
-74948
-16542
-33282
88142
-2704
50942
-51800
-78642
-73420
68242
-51742
85688
99542
91849
36442
-89242
-87545
-28542
78818
-13042
81578
-74395
42642
60142
68142
-32414
-75742
45846
8624
-16621
-30625
-27531
-77942
29255
-16442
4242
-88516
-5942
-36338
-45411
-45616
39759
87539
29929
1642
-99190
-99912
93449
-83400
92428
-76142
17668
-59944
35790
-86750
342
10142
-8661
31702
-95458
91195
64314
73082
-3338
-53300
85742
-81395
-53375
-43441
-16822
-64498
30342
5818
3455
46089
33186
56039
-79242
3902
-26181
-35710
-22142
-71142
65788
44238
82365
15220
36555
45762
24952
69524
78886
97442
95942
-5808
-14125
77742
51702
91042
-40681
54290
-89335
-74821
-83838
-62120
-75542
-72342
8429
-62962
18055
-98042
-34178
-51756
-40536
-1446
-29042
-14181
50188
31642
61604
-98146
-19694
-13642
6902
64342
-20600
-16984
1385
-33142
-10516
22010
73879
90630
-46686
79104
57534
41442
-11242
28142
-93481
-69174
71675
-442
-53176
77742
4406
90372
-80442
4084
-38142
-97646
-48890
-3168
50686
-80531
-80965
-38342
53224
54542
-84895
27279
60668
98842
97555
-10142
-60638
24464
-95601
25440
20442
-97810
53316
11936
-10742
-30542
1302
-61091
99532
67615
11920
45848
-39296
-25042
-29856
-23344
29156
7242
90942
58104
-73688
-30850
50048
96786
25274
-9061
-13042
96142
67906
73342
78766
-49242
-40768
48910
50842
16042
50542
35614
13742
-78836
60342
-8236
-81042
20022
-45542
11258
-85166
-79242
2496
57254
52982
-33730
32142
-41042
-36342
-95642
-22508
31818
-88042
36284
23554
18308
-82542
40749
-72190
-24542
-29742
-83154
89450
53558
-88142
1242
17366
-44042
30356
-79585
76729
28068
94942
-69546
-96560
-30065
6509
-53942
86972
90942
62929
83204
-72442
-20342
80642
-42012
10555
57736
-91642
35018
-32826
-62462
4332
-39842
-1820
6004
56164
55660
-70656
95064
57625
-41542
-53576
-6884
6142
-1642
61276
47642
74196
-442
-46242
60078
-57175
-45932
-84035
-25466
75626
30205
9042
55895
-31286
-98342
14134
90092
33390
-65842
-31442
-61020
51042
-57611
13474
57386
-93242
38982
-92274
53886
-19955
-99984
85642
31052
-7042
28882
56940
-21542
12590
26236
66916
-47424
-9701
3536
-33442
3570
-73178
97842
-4942
-99440
63842
-30200
76539
-62542
69695
-96446
-36042
-18842
-56544
-41042
-73682
97186
95842
-9542
-32438
-25642
95934
-19042
25026
-49045
88398
98142
-83264
-61438
-82742
-69206
-76626
9385
58242
-89842
56405
14742
-55786
-11842
-16106
36799
-58356
88752
-81942
-58715
-71296
-24528
-90485
-64654
-84242
86976
-81442
-60026
16142
-15616
-55642
22242
11742
-40782
76835
-60241
6742
70885
-4325
55225
-80334
-82342
-15098
9528
-36025
92242
22116
41842
-11015
93108
82292
59938
62948
-17984
13178
-11984
-69045
-11254
83280
-11434
34842
71842
-53220
19742
88776
55642
89510
-13475
-14342
-56720
96448
-85826
86956
-38868
-70042
6235
-8981
73842
-8125
80884
8916
77442
87542
47742
-42338
82342
21842
-93781
37342
-9242
-65148
73542
-20326
-23258
-21234
-32642
-32742
9365
-22165
-5542
96342
58824
-93442
-89842
18842
-60556
88108
-52642
-55002
40545
-49060
8539
29042
39842
-93045
67474
-70222
-96510
10142
-40471
67242
69085
-74875
-55642
35342
-78200
-74141
47934
55939
-19334
-64828
-27642
-64106
97659
36439
-2814
-47842
3268
-21225
76438
-26726
-68326
-89586
-27654
20942
84242
-12042
-16342
92695
-12442
53379
-66852
-46942
61422
-83921
41409
29360
-23310
11294
-91342
88042
-36158
-2778
-93235
16259
-20960
-34448
50794
-20226
-88742
-16762
-79342
94105
-52742
-87594
-40442
60472
51156
1870
-85694
73242
78029
56342
-27075
-89188
80680
-79442
10042
-70506
33142
-26422
44476
-71381
53578
87715
-27438
47302
19436
-31511
-82742
73975
-61642
87032
97180
-31678
-77556
45810
945
85204
97242
2742
50625
-50442
12094
-24228
-10642
-98108
-14542
-9954
-65028
-79376
-76581
-74275
-60930
41574
44442
-69021
-97958
-35842
72910
33982
-74945
-4262
47342
33842
58998
67359
-98342
57742
20342
83314
7584
40322
39605
62642
14254
-89501
89200
-5642
36244
51199
29280
47842
-96450
-7102
99742
-41742
86466
52942
-18884
89442
-19942
-78142
-53531
-35642
45592
-58442
-88742
-9542
-45405
97495
-40082
17042
4050
-65242
-81642
-72754
8542
-63106
70279
6342
-88182
25266
-67176
-65055
-18002
-55272
-96742
39342
-81481
-63316
2660
-94154
48866
32820
100000
-27062
-15292
15248
69165
-75642
-39460
-1988
-46161
-68542
-7280
-45958
-89926
76379
-2801
88542
77442
-69482
-20342
-59611
-26142
5402
60332
-44442
31389
-75042
7600
92396
-5345
67329
80604
-98042
-63634
-88096
-39684
86042
-68242
-8836
-5444
44854
-76642
25058
-23762
93849
-68851
-60724
99642
4942
-36135
65889
-4242
-404
60946
-81630
78508
62898
96324
-33942
31479
19642
19998
-34705
-40642
31732
-5742
66565
-16355
29850
9132
-37751
-27442
-36374
-2842
61172
-59291
-37208
342
61778
-79326
-30915
37050
-36751
-71894
-642
-47445
-66142
-82796
43888
-53442
-75342
-48642
-66042
-94611
22698
83442
-64728
-66790
31320
-47742
-942
-40025
-37396
-1410
66494
30082
7255
19942
-90442
62542
51984
14725
-77562
52842
-7142
5846
-6146
-97242
60342
67520
-32242
31342
-86142
47242
-65118
-9682
8742
43242
36642
-72442
-40242
-12180
32742
-86742
-36284
16759
92642
-6486
23814
-26771
-58410
-29591
-31995
33342
-38855
-49442
73860
-73642
73362
-48696
-92542
51340
24596
57042
35552
25182
-36242
-60224
18925
-73942
-46474
28152
9346
-79042
-49110
-27441
43585
97576
95564
-81665
93442
23699
39642
-37042
49830
47042
48600
-8741
26375
-19598
-52942
-12142
-84715
1042
-10871
-31111
-25821
-36406
-80112
33565
43912
31142
86420
-64222
-90742
31242
74916
16542
62562
41355
-10660
4145
-36154
3332
49454
55435
-56145
91760
3642
-47015
45342
-88850
-27080
39800
-91642
-3038
64119
84192
71322
82642
90922
-45191
-64658
96292
73754
-45060
72260
-97202
-77642
92742
38842
54190
41915
-1642
-50395
9099
-63306
4825
-142
-95354
42434
70500
43216
-64100
63134
33942
-7760
-50004
-99395
68642
13622
50742
-90442
-98566
-71325
-75342
75942
-89571
-14042
-34875
44269
-13152
-60662
-38255
60536
14439
23730
84079
31642
92149
94042
-83961
-42606
-65188
44526
-56742
-3020
79310
-2178
17742
-67842
-71924
-75925
52590
-7145
17865
-50042
-47066
-50800
-88026
35242
26505
-9728
98142
-4042
-16642
84370
45552
-33436
-7742
22648
53742
1432
-41115
56342
-94336
19142
57102
89142
47169
2029
40240
-79342
71330
-23042
-360
-95142
-14868
63926
-79098
57596
-56042
-74232
-43242
-83978
-33940
11165
-57881
-26242
-54292
16942
53142
-99942
-24495
-43242
-46942
43942
-43242
54380
44168
-51586
92142
-59042
-81842
-67375
45608
68442
-59524
-91542
91034
71125
-48542
-20042
-70690
17486
75728
68559
9542
87490
55844
-73142
-43015
83994
37468
-35908
-87390
34166
-21326
50902
-96942
95020
-50874
62079
5108
10165
242
-85924
67365
-25525
-46385
86242
23242
45308
-14374
67442
-50786
-7404
-78916
-89358
-57042
96085
43042
-12142
10782
73342
31599
69562
-96942
-65
-37232
-16342
-45042
66009
-43775
-25391
-63138
99950
-12042
29516
-20920
61842
-92280
64042
35304
25042
77122
-88521
-33436
23842
-3142
76328
-74648
-23512
35610
1572
-39846
-56251
-52142
-51410
-94342
-601
94642
68239
53109
58842
-29042
36326
55624
634
15328
49229
-20475
-52721
-59372
68559
-41248
-81755
-21542
28742
-84546
-82242
45234
-54815
24390
82822
1805
55876
40942
84892
22749
-23655
-40642
92849
-98214
66442
77242
85546
-4642
69255
-94942
-52686
-23775
6796
63575
-29962
-42942
-80642
76542
-77765
98208
28816
93242
44204
-33640
10642
-3042
6075
-1526
72142
-8534
45455
62178
-58042
24926
-45054
-8800
-60131
21292
-78242
-74780
-21645
2420
16042
16142
-85322
-70242
-52342
30042
-30058
57842
-64045
-15442
-27125
56518
37826
81550
52042
-37542
37642
47716
-67542
46542
-37542
-96242
8968
-51085
74750
-67742
43058
-6705
-97461
-58825
-16342
3342
-26216
-92230
11865
2642
15254
-10442
-97076
-64705
-39842
-96800
-45321
-20208
-93818
-13992
-80242
98792
39486
39784
95949
52542
-13355
-32806
-34302
78935
99360
-46262
-65842
2442
-74742
-53158
-54244
18049
-64448
-82381
43842
-82048
73932
-82242
-79742
-50510
81164
-68142
84089
-32342
20840
-62742
-22032
-31242
-31182
-52564
-17480
61342
73242
-91150
66685
50542
-61178
9398
81478
56342
90442
-6342
41375
-26042
84945
-48332
38144
31842
-51092
-88542
-64010
26856
89409
95035
30392
-75591
37988
32342
60508
-61042
14142
19842
-19442
-92528
90225
-79226
6782
-8460
-60742
38115
4622
-78242
20642
-67871
-41310
22624
90634
25442
-32040
-29171
35242
92842
-62006
-89574
70632
94842
23795
-3845
-59525
53542
88595
89568
-69668
-89842
9242
-51354
-96731
-63144
62568
21146
-52376
94042
99088
-56341
21512
72642
17734
20630
61779
79016
-33842
52610
-6210
-55242
-31480
-88562
-80035
-73450
61405
35959
88112
60106
-76634
81369
69642
-73342
-6742
58442
11996
72425
-55548
86746
-34434
67285
-13850
-46275
51836
44200
85742
-45742
77176
45196
99480
3378
6488
19324
26142
48442
9109
-1561
55450
5999
-32731
18242
-73176
12996
-67772
96735
-40444
-28660
32765
23742
-60336
60442
-31996
52904
-71186
78096
-20385
-18900
75244
-16642
9342
-86916
26142
68368
-55542
-49242
93542
97162
15398
22632
16932
80242
5070
80728
2105
-3442
21609
49279
-29342
18706
-18442
-5894
-44778
-58384
48986
6242
63812
37442
-50178
-47552
16760
13982
-33481
25442
-93694
-11315
1428
43482
79294
72170
79805
84990
-43200
54396
57979
-29442
-17642
79942
86042
75392
92242
65842
75369
42842
11776
72362
33776
-82875
-6948
-53075
19600
-43806
44054
-81670
-7264
-61821
-73642
-91342
-19974
-2734
59580
-7100
-60542
97942
38804
56632
88842
5642
15398
-60628
11542
26555
-79042
20642
-52842
13582
-84942
70705
73038
38034
-51250
-57715
37030
-45854
-15680
-56195
32942
16674
-804
20310
-92642
-60828
19744
-94142
-69674
-24841
-68544
-90462
36942
-41142
48046
65119
28419
-32942
-77046
-26105
99695
69660
-49914
-70431
94174
-64941
-7542
-37651
-36214
-29442
-21242
-33906
68182
-97202
-20342
-52942
-67830
90242
87942
35990
-48544
-12642
-25342
-76481
74742
-93596
49654
-10222
-35942
-99742
18416
-17514
-75342
86134
-76242
4668
47825
42138
86218
85842
25325
22755
-4942
38929
53438
-48311
-82642
-4818
-43716
-70810
-87570
-11461
30842
13742
85322
-42942
-88382
-95742
42275
36954
-7960
34686
66310
-51042
99642
-53716
-55242
8842
-83921
-59042
-45344
38960
56542
-53350
4042
21822
-88680
29042
39745
-74654
-16585
58505
-41161
15942
-65342
68242
-20575
80142
-74742
96428
22339
-13342
49626
-78764
28638
-19511
88915
76140
-74372
48942
-33734
-19721
-67525
30142
99900
-2872
-55004
-64734
51238
59075
25780
47730
-76326
57454
-30872
83064
69642
16942
54142
72090
-79242
-9968
9342
-22791
31042
85858
9042
-52642
16345
95835
-96744
17036
-71610
-68742
-61958
84042
34942
-36572
53414
95642
97642
82275
-9060
-40354
87475
-35131
47342
-52942
74499
80909
-92381
22266
-92600
80842
-40205
-32315
-41061
67606
15329
66630
96662
70139
-75942
29642
32295
34144
16022
-27822
-97940
-38682
66948
38254
-4542
73106
73688
48479
82242
75798
11442
6542
54765
41462
-60906
2842
-79042
-50515
47752
-3410
95894
198
22142
27796
84042
-62692
-78942
84342
-355
-55755
4142
79842
43244
81842
-88642
-72342
-7720
-70010
94842
-33094
17942
45142
76929
-65388
63542
-62142
384
68912
-3522
97109
-88620
62789
25448
-90742
80542
3482
68140
76042
-34742
55852
-59341
57690
-81542
59660
27618
-77065
-36322
17234
63050
13005
53544
83060
-94441
6219
-79988
15342
-22342
2079
-33342
-10195
-42281
-22978
-58528
43494
49490
-96772
-57642
-64834
65042
18132
-62150
-82242
-69751
-7638
79056
78859
13046
8142
-65728
11442
21672
87242
-31200
97154
94234
-29692
61640
-6242
-63121
64388
92340
83842
-5284
48842
17542
58410
43608
-15195
52984
-77442
35028
33242
39716
-60875
-88442
87455
6722
83245
22664
31942
29495
-39138
92142
-45158
4866
81390
67676
-17766
18735
-64182
69542
-11842
-41342
-16871
-98552
-62742
45355
-41892
62692
97396
62744
-37014
22942
-39542
-59346
46842
26842
-2742
-36748
-52642
-57594
2442
65142
-60342
21218
30842
51589
-842
55328
40642
-23428
17718
-94468
-34568
-30358
-1701
-79835
-99176
98742
-44092
-85142
68189
6585
-81331
56284
52742
-90142
86599
-30576
66200
14742
-66942
14262
-12515
-4338
92954
63474
40640
47085
-73438
79442
-24766
-99984
55060
-60414
2814
-28130
95140
-55890
-31496
19774
59489
-49030
67242
-93942
88775
-30742
21342
23242
30149
37990
9978
1619
-39742
12972
-13942
55675
-97942
-16342
-4142
95452
31455
-18078
-8542
-76942
55684
64742
-57651
-52030
83236
12542
-7390
-55226
-59042
-22742
-75586
86059
95476
929
-78570
86642
-83842
-26481
-27714
-57442
80575
22232
19165
74842
83688
-85842
2918
-75686
-41542
25064
-75642
-66742
76642
21142
85064
98842
45206
-25742
-54581
39630
3932
-742
24775
-43664
26708
-19742
28842
-78452
-12674
30262
59590
-71505
40288
-64242
-49242
93616
-50528
67805
-72300
35642
-45752
75724
63142
-36151
-96792
28674
10898
28042
-10631
-95222
15340
79499
-64912
56935
76792
9616
59905
-49502
-79342
56242
13348
-59286
54504
53142
4924
44568
3138
9545
10742
-17806
-89434
-76856
-89888
79140
-53042
88036
-37322
-92574
65794
41342
-16242
-8115
-57942
-95442
-67240
87262
-79085
13126
-1142
41870
-4342
96454
-95342
-18682
-15505
3595
84555
99528
-71995
-22560
-95642
8068
13542
-68171
-16745
-40438
-84142
-60342
34342
80642
-8242
80412
64936
-70754
-61375
-33586
-25415
-95121
70355
42348
-52424
-5876
-91682
89620
16084
-79442
-3252
-74978
34044
-67142
82362
-58338
-24742
-95645
30465
51035
81298
7318
68642
12665
-62156
-19735
86742
41336
-53842
-30142
98309
-91626
-54996
-96860
-75762
5342
19402
16556
-23842
78938
3154
58964
23426
-78485
5402
-78942
-46242
81142
80519
-27542
-94780
-97022
-27836
70248
74068
-62242
96808
70942
-26796
-78442
-59542
45486
48348
-29704
23922
-41336
-33271
-52442
-4802
17969
51048
26694
84042
67402
-7842
30836
-50542
-69158
30144
65590
-39440
-41660
-1865
19842
57436
-69148
-75542
-89924
-66851
7195
-70662
-57465
-41991
72442
51535
-76858
334
-39242
36442
-4826
-12716
44170
-73304
-88342
-7282
-20211
38449
-19918
57959
28742
-19016
57289
-13142
-59804
6742
34976
70985
76342
-61855
-93542
-32374
-79761
96544
41942
73806
-50118
-22442
-41446
71342
-20380
-54062
-40764
62342
56942
43942
86802
7788
-40292
-30262
23460
-71958
-57371
67942
-44465
-68942
-72602
81274
-55936
72359
41048
65276
-18790
-57956
-48988
-4068
99042
-99380
-63442
57112
13699
-56185
-49642
95806
-44866
-5711
-92241
44442
1460
23486
25928
-542
-13345
79680
13952
74042
2608
2172
-87706
-53244
-41278
88242
87222
12572
-42442
19189
229
79029
57402
-76228
-6511
-51942
98142
64850
-63342
74894
70650
62945
32582
22392
-34748
47142
7842
-32394
-76242
-51988
9806
-50642
58726
2942
-7842
-83134
67779
60542
-64042
96049
90142
-43642
-9376
-14705
72642
-78032
-97242
57542
66148
-63190
42704
7242
-73714
-44052
3542
63718
-208
99069
-77916
-87442
-95642
59272
76156
-37461
50642
52422
-73242
19542
72874
-47086
45064
64406
36542
42942
-56910
15820
-60892
96442
-15442
39142
63882
-61342
-67445
19432
16049
-22342
-83280
-98435
-7188
-4756
-99520
-11871
56842
-46980
82304
-48142
-89842
-53825
-54802
66989
4184
41342
-42101
65454
-77842
79642
31295
-54361
-78742
-85942
-67976
-47105
2642
67742
93708
-53571
-22300
-14284
-43825
43235
-94172
-18742
72199
20554
79625
17142
4906
7949
96782
-30408
-94242
55298
72942
48242
34914
91369
-83944
23642
21256
31359
-92442
69598
18442
69542
11942
-49885
79690
31742
-71704
16942
-42
-5728
-5340
32118
-42198
11658
75326
20819
-30930
-69942
-24842
52662
99476
-98365
-71088
87942
-72330
76942
-45866
91050
76042
-58334
14722
87342
-66142
-45015
-31378
93042
87252
-65358
-44710
43942
-79855
84104
4969
36068
-50944
1642
-14704
35242
51842
-9442
742
-55695
64842
30790
-58842
66942
-18652
-3642
44245
-32590
-26701
37342
-90501
68990
41196
-95842
-9224
55342
-39271
-78142
-56375
-5442
-77904
-35802
-27901
35642
85795
10964
-71516
-36542
3776
41914
-2142
29048
27042
-23701
2742
81165
75929
47892
592
-97482
79679
13319
59845
85852
-76764
58816
-35652
-1416
23126
26242
-23042
-26311
83282
-19242
-66070
14115
-95542
47812
39205
-60742
-13904
-56371
47442
27276
32924
81159
50002
-66242
-44910
80442
52642
-65834
-83844
12039
97715
-42798
63042
-51235
-25216
54942
4842
-86735
54442
-17122
-642
-10242
6229
-32245
9642
-99328
-43942
-15171
-23932
-6994
-6342
30042
16246
85509
-93050
90876
40520
-3395
49192
-53042
-38566
-38642
-47342
-21442
49302
22142
63942
37542
-6871
-53258
36542
97260
91500
-6358
-16005
-19134
41599
-93242
43106
-84514
-57595
13442
-38102
99219
-27445
-12830
84252
-39698
92180
-46776
20759
-57444
-83004
24590
25384
85730
83938
-85762
-16621
26676
-16836
52976
37942
-42056
90572
8878
36212
-63566
-22538
-70425
83550
15880
-95431
87942
-29406
30088
44502
17725
-80285
-38066
-6042
-85342
-17815
-46032
89352
80442
-75842
68425
-28142
84096
5692
-7201
-71185
52076
80385
80496
-58221
-32054
-36845
70434
6242
63516
-2110
51850
-17106
5030
-83642
78418
88442
22835
-11230
-35065
-64842
-28008
-62298
47442
50242
88346
58642
45259
-11942
-76265
53842
-57742
-78080
-81462
47255
11842
-71848
-47342
-21142
-55181
83142
73692
3842
-20558
19724
62742
-73142
-27242
66842
-95196
-2198
62542
-49576
-34460
-82880
-53642
-16474
22034
9639
-9884
34448
96942
75969
75286
24554
-93056
58042
86142
76542
86165
-58805
-44740
-82035
41006
25542
43642
97590
96485
-66986
-36015
26706
-31542
69642
49039
69342
27988
58905
-1042
-29742
-81978
45938
85200
87842
-82260
-92210
64116
45969
-91954
30065
38964
33642
97222
-27542
-52042
65142
18180
-92475
-76811
19142
8042
-66100
82042
62442
86242
34542
20315
-49842
68854
13784
64542
30935
-17022
55742
-51942
80084
-3242
72942
88078
-9471
-891
44886
3642
49156
-78681
86484
50442
-3856
-20218
91242
-67442
96175
81042
-33961
11584
37784
-2042
76729
-56605
23920
93742
-75442
3444
73344
-90342
54048
-76642
59842
-41242
21750
-15824
76242
46942
17542
19555
18742
-7674
-72664
-23042
82462
-72042
-51642
56122
52306
15392
-57641
89142
-20842
-75046
55326
-60142
88496
39270
-10942
-33330
81442
38752
85722
-86844
45195
-32542
64289
-4286
-50918
5799
48330
14594
83568
91342
-11730
17196
88422
-53342
-1750
74858
-18565
47629
-87698
-68451
-1075
-51095
-83298
-59100
71642
-8120
-79042
-84842
-1611
70072
35624
31942
21142
-11780
-32550
-85342
-54880
34334
-3734
88942
-30142
86942
-61142
53658
3149
-28412
-40080
17142
-76864
-88042
-48932
3819
94596
12342
-36806
-35718
-69542
38269
62742
-37868
34842
-70361
74656
-32142
25992
-55238
64049
-86942
-37796
12378
-65542
9484
88342
416
56864
39274
66934
-31336
-34642
-34042
-12961
-12872
93185
8542
45842
-79580
52675
32508
-63242
-32942
-28294
-65542
-49842
73126
5542
37076
-43522
33375
46542
39720
36226
-12542
-80442
-16434
23050
-61102
40972
-50352
62968
-47398
7469
12295
942
-79842
-89682
58342
-91555
-27442
-75024
-9761
-556
-98766
-53856
-53606
62810
-94796
-6642
-37101
58276
-34272
-18000
-77942
-34342
16842
13442
-50466
31049
-41716
88342
19642
-39442
-38828
-57855
44234
222
55442
19549
27622
54442
-29442
-46042
-8442
70910
-7881
-47942
62058
93634
-9672
-70141
36010
48642
-66758
54742
39825
-5262
10642
-79994
87178
35942
31136
-79556
-78354
82186
-51342
-19602
-30042
-48942
-66642
-98241
94942
-20742
60470
-66931
58014
-26942
-39942
24344
-83251
-12542
57342
-15348
83314
-8342
-10972
83312
-89298
-6542
77118
77850
-51812
-63842
-42742
-50786
-22045
60942
-43276
-95642
-2581
38375
-16871
-88945
-72075
-51846
31142
43042
-22711
26134
54350
29894
66406
-94415
2742
87762
44592
50042
13114
-18301
-66201
-8545
-22531
12230
-89730
93842
42544
-49942
-12842
-6136
-96542
94270
-98558
31914
56862
-38864
41490
95920
43742
-18842
642
-18978
-95542
-88292
56042
-66486
79196
15642
75742
-6242
8130
-16225
-51152
-31515
11242
28715
-70521
-66860
-92491
-54742
83484
77342
79942
-49786
39038
-32322
10729
-63085
-88795
-25142
-39736
39676
33242
69668
60742
73129
-90942
-12886
89258
30035
71295
-44938
-78588
-24442
-93820
4490
58342
-64515
-95916
-2442
93229
-79220
-13325
-40642
76942
-91984
48102
76735
-88536
21242
-58546
-91825
74602
-12361
-50376
-60042
72342
82866
-342
70738
72016
-50668
58642
55544
12392
74806
89742
7642
35924
-55376
50882
33665
64242
54728
-21806
-59341
-81342
-23672
9786
65504
-86942
-57142
-68234
40842
-18936
88942
89742
-2282
63542
7979
3142
47640
40824
-73910
-57195
-37320
44836
-63240
956
-18758
-82942
12592
15270
55159
-69342
-89301
11000
60519
-84486
72542
-80542
-49442
-95591
50342
-97842
33842
17142
73828
44542
21542
-18125
-94520
11142
77542
-49231
-80868
80142
8642
-64950
-38921
4942
-91011
52642
-27042
66012
-53884
-75286
-93942
2286
-40785
89242
-84642
-69071
18942
87708
18842
-37208
-79042
-8742
-21594
36695
25750
54942
34192
46512
27809
73972
-71911
-73250
-67142
36906
95680
-48781
-44191
12742
33226
-16326
11242
-64881
28942
-66442
37642
60242
-94930
35942
-67614
-51532
-37390
32442
-27720
11908
-67662
-97086
-79742
-94446
-18220
-60376
-63804
-9306
-29946
-87742
-83071
-63192
-26142
-46725
-27506
42742
-50760
-22242
-25056
84905
-18742
89995
3242
-52526
-46642
12424
-27942
72755
-64671
-61185
7276
97170
86212
42212
79109
34544
20842
89842
-82642
-43310
58342
-16742
-66251
85372
97042
-13341
-23544
-85685
-70101
-38346
81039
-41188
3498
26142
42124
-96842
74568
-19042
-64200
39310
-33242
45742
-94960
61190
-15971
-42842
-14142
1452
-31942
9174
-65542
75142
90782
-54026
24868
-46640
642
-47916
-87622
-46360
-39125
48444
-3886
-25224
-43068
-22482
43750
-67942
-6998
-30048
70158
-73570
25468
62318
-19172
44264
-44942
-12795
-2142
42485
10868
-41354
1342
51890
34442
81242
83842
-53978
72668
-53391
-27256
27742
71306
39342
-90242
50842
-12681
-83942
-83642
-57390
57282
-4872
-42225
95190
47105
68796
-11002
70664
-41894
3106
-76590
-65106
-87322
-10998
25508
60042
-17956
56342
-56292
36830
9186
70749
-93566
-69076
-90446
-18372
83302
23628
3242
58742
-79742
-48938
-204
54034
-83442
69965
86742
-18742
-70360
-23138
17110
-3942
-80848
-35080
27600
23815
36528
5742
-99235
-41922
3496
-29942
72652
41204
3742
83242
-72374
44850
-38976
46942
6989
50868
74769
-84765
51316
79375
-40842
96076
81684
-45566
54762
33790
-31288
68842
-89122
-21742
23842
-66190
-97660
95342
-27542
-10302
-86700
17184
15962
96842
-19298
-56590
-57410
2842
43455
44902
19322
63339
-25311
-28228
-48098
-36242
-90942
9160
-80166
23242
45989
-19171
85254
-50204
84736
87442
87204
-38442
-52970
49032
-96242
85542
88442
-66842
43775
51978
6485
62272
-20725
-48042
-11142
-11835
-10631
98804
98942
2135
-9298
81910
31585
78612
56974
85635
-23522
43739
-78442
-94042
-73685
-36285
-35682
-43178
43142
21942
67142
-63091
3642
-1162
-95305
-81930
-3142
-82730
6234
-4342
-14782
-30324
65514
-54450
-41442
21826
-4442
-22865
47042
49442
-11525
63342
-20056
47669
-91142
-1891
-16642
34342
-71342
8630
-82205
-12842
73842
-24711
-32214
-85808
2982
-4196
-16904
82642
-49551
-20942
-73948
44339
-82092
-45042
73020
16942
56584
92515
-9611
85442
-70010
99778
-73942
-98381
56742
-42742
-4542
-34328
-49642
-97952
93989
-97742
-73004
55142
-21931
10734
95244
-78040
-24242
20142
-81942
68716
5300
-89442
-10642
-32942
22465
-77724
48025
82242
42742
-99642
10172
-33935
-63022
-66435
19984
-87572
14692
6575
60642
-94554
35868
-8042
-35742
99459
-40642
-94455
-61431
5742
67142
91242
63916
52074
-64922
97840
-20914
59028
85142
56074
73342
-97190
22348
76060
1876
83942
-3008
47742
-77338
29568
44455
-57214
-18342
-87694
16042
-52361
-90335
45142
20842
-27322
62576
60895
-31242
59724
59522
-7305
71222
17842
-60738
84842
-72442
5342
-53115
63942
-29580
81396
96634
-94174
-15445
2709
-9436
54494
44530
37499
92176
-59021
-66932
14642
-69536
58235
-50942
30594
-49245
81942
27870
-77042
14334
-3042
-52490
-9955
35135
-95742
14825
-67420
-94051
-50642
-69824
-22826
19642
-75192
82642
-46010
-88264
-27212
99536
30692
-24496
-89281
96142
47994
-58570
20288
37842
28242
95880
-3865
-12228
10390
25419
-78585
-68142
27886
-88441
-43796
71542
-83872
13208
-52294
66142
-31842
-17055
3728
14242
-10242
-39242
46942
72315
68042
6542
10042
43930
-69154
68848
-53808
-82242
-6810
-77842
-31452
7140
99942
36742
63224
23842
-69842
-97474
31946
-46442
92242
43752
-69290
15828
96742
-89102
38042
-51742
86348
-64242
-50342
-33286
-57046
93562
-9942
53525
-30404
42854
-24542
-29242
-29836
-73742
38238
-1620
66520
28712
-31952
10826
69612
81504
-83042
-25521
-59766
45406
43342
-65096
7845
-35274
15742
-6056
-39435
-21142
-39145
91599
-93246
-59225
69079
-68568
-92642
21964
-24650
-30541
-54365
-9991
67118
45622
-65042
72750
21678
-96475
48342
76376
21465
-17044
-58491
-37434
-58360
-82145
-55442
14005
16776
-6885
33602
68014
70260
-95521
-44314
-94438
68745
-7081
66606
-30164
53112
-11942
-10158
-95951
-58148
-10542
-31750
15142
32526
-6842
496
7242
-29642
-59321
10899
-24020
-96242
19186
62316
-61710
-34742
41448
-39442
30196
-50842
69642
59442
70020
62054
-21475
-81045
-83665
-16966
-9742
-26014
13056
44242
-34141
-73942
-86238
-58281
-6542
51349
922
94042
69545
-88734
42042
-62388
10060
-49902
52348
-88614
41542
24742
-65470
-17005
-10442
-22124
31842
60145
-4590
38852
6720
-69928
-22280
-16342
-59420
-68642
-29602
8635
39642
-57015
-6242
-93252
-9194
-3002
32842
56740
